1 0.7345956367924528 0.6019793750000001 0.12090294811320755 0.2093745833333333 0.7345112028301887 0.6239216666666666 2 0.7703541273584906 0.5406127083333333 2
1 0.542159787735849 0.7155016666666667 0.12841615566037737 0.16983 0.5424980166330823 0.7164864123068116 2 0.4883273584905661 0.7438866666666667 2
1 0.5526521226415094 0.48658 0.08148808962264151 0.21517312500000002 0.5528667500499455 0.4878276641154101 2 0.5760479952830189 0.5572745833333334 2
1 0.47753290094339623 0.6644683333333333 0.10082051886792454 0.18439645833333335 0.4845543632075472 0.6739070833333333 2 0.44116568396226413 0.7172277083333333 2
1 0.39193466981132075 0.6565522916666667 0.07509280660377358 0.17522875000000002 0.39213245300329636 0.6575683415258821 2 0.3685367924528302 0.5972629166666666 2
1 0.4389754716981132 0.60906125 0.08738490566037736 0.20354416666666666 0.43874531296049685 0.6102414845327794 2 0.4204146226415094 0.6872364583333332 2
1 0.4466389150943396 0.31118854166666665 0.1097873820754717 0.20762291666666668 0.4496548349056604 0.3240095833333333 2 0.4826679245283019 0.22403875 2
1 0.3763700471698114 0.391803125 0.07792016509433963 0.225560625 0.37657527720007167 0.39311102020141964 2 0.37513938679245284 0.2940183333333334 2
1 0.40844327830188676 0.194120625 0.08924540094339622 0.183425625 0.4086783373050861 0.1951842037817794 2 0.39683372641509435 0.2506977083333333 2
1 0.14809009433962264 0.10642166666666666 0.1288196933962264 0.13798979166666667 0.14842938609473919 0.10722178941134222 2 0.17800365566037737 0.11407104166666666 2
1 0.07617924528301886 0.30410187499999997 0.15235849056603773 0.14679645833333332 0.08556686320754717 0.3106802083333333 2 0.012937853773584905 0.26069479166666665 2
1 0.10517264150943396 0.5569816666666667 0.20522075471698112 0.14937020833333334 0.11009080188679245 0.5556083333333334 2 0.019540448113207546 0.5672716666666666 2
1 0.10257441037735848 0.49470604166666665 0.11701992924528302 0.2680810416666667 0.0940558962264151 0.4639685416666667 2 0.08556674528301886 0.6005954166666666 2
1 0.12238608490566037 0.3982322916666667 0.1566430424528302 0.15813125 0.1374445754716981 0.413983125 2 0.05161037735849056 0.42231416666666666 2
0 0.6608067216981132 0.7633185416666667 0.015793985849056603 0.022445416666666666 0.6608066696071309 0.7632237611560158 2 0 0 0
0 0.7367681603773585 0.7402727083333333 0.012908844339622642 0.02465375 0.7367681178020143 0.7401686026689492 2 0 0 0
0 0.561042570754717 0.6270566666666666 0.016605188679245285 0.028012291666666668 0.5610425159882635 0.6269383788510248 2 0 0 0
0 0.04432429245283019 0.6736527083333333 0.019872051886792454 0.026246875 0.044324226911761966 0.6735418753622892 2 0 0 0