1 0.7207979952830189 0.7034199999999999 0.08010212264150943 0.16899354166666666 0.7210089722622608 0.7043998955035559 2 0.7411137971698114 0.7505512499999999 2
1 0.8281007075471699 0.7442449999999999 0.09662865566037737 0.13734333333333335 0.8283552129361302 0.7450413743078547 2 0.8043103773584905 0.7588822916666668 2
1 0.5908583726415094 0.33180604166666666 0.12771709905660378 0.14555479166666666 0.5911947603284761 0.33265002945737465 2 0.5364321933962264 0.31234625 2
1 0.7282180424528302 0.34076500000000004 0.11634186320754716 0.17347 0.7279116154313049 0.34177085188833506 2 0.7628082547169811 0.272358125 2
1 0.462439858490566 0.3166041666666667 0.09893643867924529 0.20512499999999997 0.46217927474719994 0.3177935675347978 2 0.49681639150943396 0.23070354166666668 2
1 0.4114996462264151 0.219925625 0.1291313679245283 0.15151791666666667 0.41115953356732854 0.2190470605070286 2 0.46568974056603774 0.20571083333333334 2
1 0.43225235849056604 0.09535979166666667 0.13290106132075472 0.16071958333333333 0.42984693396226414 0.10574020833333334 2 0.37513938679245284 0.035760625 2
1 0.620453891509434 0.129753125 0.10390353773584907 0.15799375000000002 0.6147205188679246 0.13406520833333332 2 0.570388679245283 0.10074166666666667 2
1 0.6955556603773585 0.2170335416666667 0.11941332547169811 0.17926625 0.6952411435848136 0.2180730026459555 2 0.7448866745283019 0.15239312500000002 2
1 0.8378878537735849 0.5874020833333333 0.10299775943396226 0.26352895833333334 0.8382668632075471 0.6089260416666666 2 0.8703367924528302 0.4822964583333333 2
1 0.9450722877358491 0.6273929166666666 0.10985530660377359 0.21688083333333333 0.9453616301399783 0.6286504827919448 2 0.9486251179245282 0.54894375 2
1 0.8858797169811321 0.32722333333333337 0.11786320754716981 0.1463866666666667 0.8861901509955133 0.32807214468453955 2 0.858074646226415 0.297350625 2
1 0.8457882075471698 0.413879375 0.10370660377358491 0.17307479166666667 0.8460613551900794 0.41488293530449705 2 0.8099699292452831 0.36233166666666666 2
1 0.8375339622641509 0.209539375 0.09663030660377359 0.244254375 0.8377884720014486 0.2109556644121625 2 0.7958213443396226 0.10407395833333334 2
1 0.26883301886792454 0.37846874999999996 0.09488113207547169 0.1855625 0.26908292154181396 0.37954471928015887 2 0.23648408018867925 0.45730375 2
1 0.279444929245283 0.09291666666666668 0.08780813679245282 0.18583333333333335 0.27967620271023524 0.09399420635219684 2 0.29024834905660374 0.01743270833333333 2
1 0.1879436320754717 0.123300625 0.09156556603773584 0.22506541666666668 0.18818480204560684 0.12460564877559847 2 0.15159316037735848 0.027429791666666665 2
1 0.13842016509433963 0.5859372916666667 0.10570672169811321 0.17062541666666667 0.1386985807479327 0.5869266494665867 2 0.11857995283018868 0.6455820833333333 2
1 0.04728773584905661 0.6946683333333333 0.09457547169811321 0.12816333333333332 0.029916037735849058 0.7022320833333333 2 0 0.7172277083333333 2
0 0.33795955188679244 0.710193125 0.014154127358490568 0.027179791666666668 0.33795950520431434 0.7100783525913692 2 0 0 0