1 0.5928616745283019 0.713628125 0.09776721698113207 0.18607729166666667 0.593119178717047 0.7147070792583684 2 0.5609563679245283 0.7538835416666667 2
1 0.5197468160377359 0.6048945833333333 0.08619186320754717 0.19521083333333333 0.5195197995950364 0.6060264977008423 2 0.48738408018867924 0.6739070833333333 2
1 0.6992122641509434 0.63114 0.09134893867924528 0.18438666666666667 0.698971664744786 0.6322091513048392 2 0.6675416273584905 0.6689085416666667 2
1 0.7294063679245283 0.3920091666666667 0.09354587264150943 0.19598166666666667 0.7296527537252989 0.39314555064946316 2 0.7580920990566038 0.31901104166666666 2
1 0.6819956367924529 0.30201958333333334 0.11823643867924528 0.15929395833333335 0.681684219743238 0.30294323658052275 2 0.6401879716981133 0.269025625 2
1 0.5572523584905661 0.39679791666666664 0.11709893867924527 0.16557083333333333 0.5575607795353559 0.3977579658703418 2 0.5109649764150943 0.35233458333333334 2
1 0.3922903301886792 0.11683958333333333 0.11919292452830188 0.1754875 0.39260426647818963 0.11785713353368028 2 0.3411830188679245 0.05408875 2
1 0.6247001179245284 0.05229166666666667 0.13314693396226415 0.10458333333333333 0.6156637971698113 0.047423958333333335 2 0.5656725235849056 0.007435625 2
1 0.5520646226415095 0.20744875000000002 0.1274745283018868 0.14010229166666666 0.5336025943396226 0.19238145833333334 2 0.6015153301886792 0.214041875 2
1 0.04316037735849057 0.6707160416666667 0.08632075471698114 0.16356791666666667 0.011994575471698113 0.6755733333333332 2 0.039348349056603775 0.6605777083333333 2
1 0.2687169811320755 0.631564375 0.1399244103773585 0.29187104166666666 0.25440554245283015 0.5855995833333334 2 0.24120023584905662 0.7222264583333333 2
1 0.25231615566037735 0.30098416666666666 0.10793431603773584 0.24053187499999998 0.24120023584905662 0.30234916666666667 2 0.2883619103773585 0.20237854166666666 2
1 0.18545731132075471 0.30993583333333335 0.13978290094339624 0.16846166666666665 0.18508914412095795 0.3109126448023408 2 0.1251825471698113 0.38065958333333333 2
1 0.27873938679245286 0.4799141666666667 0.13167216981132077 0.21183833333333332 0.26006497641509435 0.4839627083333333 2 0.2864754716981132 0.40565229166666666 2
1 0.06025943396226415 0.28243666666666667 0.1205188679245283 0.12346020833333333 0.05255365566037736 0.2740241666666667 2 0.10254492924528302 0.31901104166666666 2
1 0.03903301886792453 0.40971270833333334 0.07806603773584905 0.16474145833333334 0.023313443396226416 0.40565229166666666 2 0 0.39065666666666665 2