1 0.7182042452830188 0.6267670833333334 0.09000648584905661 0.2056322916666667 0.7184413088697305 0.6279594256915254 2 0.7156465801886792 0.69723375 2
1 0.6091343160377358 0.3813864583333333 0.10767476415094339 0.20472729166666664 0.6094179152200297 0.3825735531215769 2 0.6147205188679246 0.2940183333333334 2
1 0.4438189858490566 0.7038333333333333 0.12226757075471699 0.12649979166666667 0.44414102029566566 0.704566832234134 2 0.3949472877358491 0.7455527083333333 2
1 0.395946108490566 0.5888525 0.12839080188679244 0.15646166666666667 0.4043795990566038 0.57726875 2 0.34778561320754714 0.63725125 2
1 0.3786121462264151 0.47178333333333333 0.11824728773584907 0.11560020833333334 0.37892359185041813 0.4724536318739686 2 0.32609127358490564 0.43397729166666665 2
1 0.4681103773584906 0.44699791666666666 0.14443962264150945 0.15267083333333334 0.4684908096649367 0.44788316625450325 2 0.4062660377358491 0.41731562499999997 2
1 0.38710212264150945 0.35909291666666665 0.12013525943396226 0.13681395833333332 0.3874185408998526 0.35988622143602256 2 0.342126179245283 0.36733020833333335 2
1 0.4354475235849057 0.20953708333333332 0.13193514150943397 0.21092604166666667 0.45437099056603775 0.22070645833333333 2 0.38551485849056605 0.22237270833333334 2
1 0.37141014150943397 0.24119437500000002 0.10555459905660378 0.15094354166666665 0.3798555424528302 0.24403291666666668 2 0.32703443396226417 0.22737125 2
1 0.4212871462264151 0.08871708333333334 0.11332912735849056 0.15256583333333334 0.42324422169811315 0.08407979166666667 2 0.3798555424528302 0.09740916666666667 2
1 0.24819823113207548 0.40408958333333334 0.10077334905660378 0.18015416666666667 0.24846365302191975 0.4051341928262317 2 0.22705176886792452 0.4789641666666667 2
1 0.1936066037735849 0.7707014583333333 0.16514516509433963 0.16359708333333334 0.21573290094339623 0.7555499999999999 2 0.12140966981132076 0.8221970833333334 2
1 0.08594905660377358 0.40658520833333334 0.12338490566037735 0.12516291666666668 0.07802087264150943 0.41065083333333335 2 0.08651002358490566 0.413983125 2
1 0.10964021226415095 0.7107129166666667 0.10088419811320755 0.20024104166666667 0.1148070754716981 0.710563125 2 0.06764540094339623 0.7922058333333334 2
1 0.1902948113207547 0.6534272916666667 0.07917346698113208 0.16897875 0.18083337264150942 0.650580625 2 0.19026568396226415 0.6472483333333333 2
1 0.24690294811320757 0.6190583333333334 0.14345813679245284 0.18355 0.2647811320754717 0.620589375 2 0.195925 0.578935 2
1 0.05377358490566038 0.6107275 0.10754716981132076 0.20021166666666668 0.04972393867924528 0.5972629166666666 2 0 0.6789056250000001 2
0 0.7175240566037736 0.7301733333333333 0.015969693396226413 0.023306666666666667 0.717524003933281 0.7300749160127266 2 0 0 0
0 0.5604797169811321 0.6305675 0.014376297169811321 0.026728125 0.560479669565904 0.6304546348492271 2 0 0 0