1 0.6222224056603773 0.3299397916666667 0.09800813679245284 0.26178708333333334 0.6241529481132075 0.35066854166666667 2 0.6043450471698113 0.22737125 2
1 0.7307051886792453 0.33992958333333334 0.13575943396226414 0.14180770833333334 0.7250788915094339 0.34067125 2 0.7741270047169811 0.3373389583333333 2
1 0.6034635613207547 0.2391110416666667 0.14513455188679245 0.14344458333333332 0.6081179245283018 0.22737125 2 0.5458645047169811 0.2573622916666667 2
1 0.3879257075471698 0.11479166666666667 0.07839375000000001 0.22958333333333333 0.38457169811320757 0.122401875 2 0.39966344339622645 0.02243125 2
1 0.752518396226415 0.20724145833333332 0.11335943396226415 0.15301708333333333 0.7496028301886792 0.214041875 2 0.7826160377358491 0.18738291666666665 2
1 0.5936877358490567 0.085625 0.1126245283018868 0.17125 0.5864235849056604 0.07908125 2 0.6335853773584905 0.01743270833333333 2
1 0.47199021226415094 0.11558937500000001 0.11567865566037736 0.16965458333333333 0.46474646226415095 0.10074166666666667 2 0.5166242924528301 0.0807475 2
1 0.2826286556603773 0.23515791666666666 0.08851627358490567 0.20551770833333333 0.2760998820754717 0.2290375 2 0.2751566037735849 0.2940183333333334 2
1 0.27354917452830185 0.4517939583333333 0.08544882075471698 0.22224541666666667 0.27327016509433966 0.4406420833333333 2 0.24780283018867924 0.5272833333333333 2
1 0.24666662735849057 0.7115435416666667 0.12978007075471698 0.16524645833333332 0.2534622641509434 0.7222264583333333 2 0.2911916273584906 0.6822379166666667 2
1 0.13275058962264152 0.4765439583333333 0.11880306603773585 0.2980879166666667 0.12989870283018867 0.4656347916666667 2 0.09971533018867924 0.3473360416666667 2
1 0.20550400943396227 0.30347729166666665 0.11100813679245283 0.15221208333333333 0.20913030660377357 0.297350625 2 0.2317679245283019 0.28402125 2
1 0.14938573113207548 0.38471375 0.0955680424528302 0.131405625 0.15159316037735848 0.37899354166666666 2 0.1176367924528302 0.35066854166666667 2
1 0.2003248820754717 0.129099375 0.09746344339622641 0.23653208333333334 0.20252771226415095 0.12906666666666666 2 0.2185626179245283 0.027429791666666665 2
1 0.6924899764150944 0.11746166666666666 0.1179989386792453 0.13674333333333333 0.6713146226415094 0.12073583333333333 2 0.7269653301886793 0.095743125 2
0 0.3216443396226415 0.5910858333333333 0.01679304245283019 0.026240208333333334 0.32164428423661756 0.5909750285136967 2 0 0 0