1 0.731873820754717 0.6823829166666666 0.1071438679245283 0.19023416666666665 0.7315916198734723 0.6834859742314762 2 0.7675244103773584 0.6172570833333333 2
1 0.5870846698113208 0.7261231250000001 0.11639658018867925 0.14442041666666666 0.5835938679245283 0.7288910416666667 2 0.6316988207547171 0.7722116666666667 2
1 0.6725709905660378 0.52907375 0.07985790094339622 0.21351916666666665 0.6727813243019493 0.530311823770608 2 0.6798036556603773 0.44897291666666667 2
1 0.7270482311320754 0.3368141666666667 0.0982620283018868 0.2688714583333333 0.7273070385796394 0.3383731962630463 2 0.7552623820754717 0.4356435416666667 2
1 0.5912095518867925 0.29994125 0.06805247641509433 0.22178416666666667 0.591388791904791 0.3012272477105232 2 0.5826505896226415 0.20904333333333333 2
1 0.5947489386792453 0.08458333333333333 0.11286049528301886 0.16916666666666666 0.5950461962997096 0.08556423268832268 2 0.5449213443396227 0.01743270833333333 2
1 0.5247063679245283 0.36034812499999996 0.07841745283018868 0.20930375 0.5249129077361135 0.361561756015006 2 0.5100216981132075 0.27902270833333337 2
1 0.45265353773584904 0.297443125 0.08643926886792452 0.24344708333333334 0.45242586966374004 0.29885473339615193 2 0.45059799528301886 0.19071520833333333 2
1 0.3949935141509434 0.139131875 0.08668514150943396 0.22673645833333333 0.39476519848716674 0.1404465881767393 2 0.4213577830188679 0.03909291666666667 2
1 0.2683617924528302 0.11288270833333333 0.10525766509433962 0.18756791666666667 0.2686390253586676 0.11397030586126454 2 0.28175919811320754 0.10407395833333334 2
1 0.28109622641509435 0.277236875 0.0986566037735849 0.229693125 0.2813560731152818 0.2785687321713773 2 0.28741875 0.355666875 2
1 0.2992544811320755 0.6009341666666667 0.085925 0.15729854166666665 0.29948079469710404 0.6018462496502821 2 0.31760212264150944 0.6472483333333333 2
1 0.20810801886792452 0.44970583333333336 0.11491615566037736 0.15142166666666668 0.20841069078956406 0.4505838397283959 2 0.23459764150943394 0.45897 2
1 0.07441037735849057 0.6888354166666667 0.14882075471698114 0.12316250000000001 0.07480234890984633 0.6895495645492808 2 0 0.7188939583333334 2
1 0.17532794811320754 0.10020833333333333 0.1191554245283019 0.20041666666666666 0.18271981132075474 0.10074166666666667 2 0.1270691037735849 0 2
1 0.0992747641509434 0.24036249999999998 0.15569563679245282 0.16594166666666668 0.09968484311075597 0.2413246994510297 2 0.03368903301886793 0.17066020833333334 2