1 0.6041808962264151 0.675516875 0.0845627358490566 0.299799375 0.6044036217919498 0.677255237641756 2 0.6241529481132075 0.7855410416666667 2
1 0.5030099056603773 0.5773989583333333 0.07464044811320754 0.1935372916666667 0.5032064974079227 0.5785211688036519 2 0.49304351415094344 0.5189524999999999 2
1 0.4230650943396227 0.6363483333333334 0.0977378537735849 0.19480333333333333 0.42332252119008223 0.6374778848447605 2 0.42890365566037736 0.6122585416666666 2
1 0.4038443396226415 0.429503125 0.08193396226415095 0.187660625 0.404060141392754 0.43059126008976983 2 0.41381191037735854 0.46730104166666664 2
1 0.5656246462264151 0.36784229166666665 0.12629775943396226 0.14431541666666667 0.5659572955856542 0.3686790930407948 2 0.6052882075471698 0.40065375 2
1 0.4356716981132075 0.24786395833333333 0.13738125 0.20093875 0.43530985650185366 0.2490290855664409 2 0.48927051886792455 0.15572541666666667 2
1 0.630347287735849 0.22348979166666666 0.16116627358490568 0.16218729166666668 0.6299227999390801 0.2244302216752379 2 0.5628428066037736 0.2890197916666667 2
1 0.6383765330188679 0.10437500000000001 0.09636002358490567 0.20875000000000002 0.6386303308712244 0.1055854201400238 2 0.6269826650943395 0.015766458333333334 2
1 0.2954733490566038 0.34180791666666666 0.09519209905660377 0.19221749999999999 0.2949645047169811 0.34400375 2 0.3223182783018868 0.2673595833333334 2
1 0.20821615566037735 0.261613125 0.1093568396226415 0.21510729166666664 0.2185626179245283 0.2856875 2 0.2421435141509434 0.169055 2
1 0.16164905660377357 0.6030235416666667 0.0993433962264151 0.24478625 0.1610254716981132 0.63725125 2 0.13272841981132077 0.5089554166666667 2
1 0.07676886792452829 0.7150831249999999 0.15353773584905658 0.145666875 0.07896415094339623 0.7155614583333333 2 0.03463219339622641 0.7005660416666667 2
1 0.1367693396226415 0.332225625 0.10429150943396226 0.18638229166666667 0.1370440278193504 0.3333063477764174 2 0.15253632075471696 0.39565520833333334 2
1 0.07014764150943396 0.3153552083333333 0.10310082547169812 0.21595625000000002 0.07041919362313648 0.31660741333627473 2 0.03085931603773585 0.22737125 2
1 0.035495283018867924 0.4188814583333333 0.07099056603773585 0.21307041666666665 0.02048372641509434 0.41898166666666664 2 0 0.413983125 2