1 0.6513470518867924 0.7246691666666667 0.09400400943396227 0.201495 0.6392445754716981 0.7222264583333333 2 0.683576533018868 0.8022029166666667 2
1 0.5002995283018868 0.7298739583333334 0.11072169811320755 0.16191895833333333 0.5005911526513314 0.7308128324325829 2 0.45814386792452827 0.6739070833333333 2
1 0.517277712264151 0.5746935416666666 0.07676533018867923 0.23477958333333332 0.5213404481132076 0.5939304166666666 2 0.5128514150943396 0.46730104166666664 2
1 0.7215060141509434 0.3947158333333334 0.0928370283018868 0.17806833333333336 0.7241356132075472 0.40065375 2 0.7420570754716982 0.37232875000000004 2
1 0.44687417452830186 0.32410333333333335 0.12440872641509433 0.2067935416666667 0.4496548349056604 0.3323404166666667 2 0.49587323113207543 0.23236979166666666 2
1 0.3887517688679245 0.4057558333333333 0.09325117924528302 0.176821875 0.38899737849048044 0.4067811208001442 2 0.36476379716981133 0.4656347916666667 2
1 0.38721851415094344 0.13621291666666666 0.0845252358490566 0.19090749999999998 0.38744114094710147 0.13731987850083 2 0.4128686320754717 0.10240770833333333 2
1 0.6185669811320755 0.35805750000000003 0.0982432783018868 0.218051875 0.6188257391949511 0.35932185631650276 2 0.6156637971698113 0.2740241666666667 2
1 0.6847166273584905 0.2761927083333333 0.09094398584905661 0.19428125 0.68640625 0.2856875 2 0.68640625 0.3090139583333333 2
1 0.7185497641509434 0.13764375 0.10172216981132076 0.1827875 0.7182818432095125 0.13658387133487618 2 0.7496028301886792 0.19571395833333333 2
1 0.2927694575471698 0.3566010416666667 0.09181957547169811 0.24179791666666667 0.2968510613207547 0.38232583333333336 2 0.2836457547169811 0.24736541666666667 2
1 0.25692370283018867 0.7084172916666667 0.09747323113207548 0.14233208333333333 0.2571804327042923 0.7092425928414605 2 0.2760998820754717 0.7005660416666667 2
1 0.21282417452830188 0.5188314583333333 0.10548372641509433 0.14650375 0.21310200284575895 0.5196809485828615 2 0.22610860849056605 0.47390458333333335 2
1 0.13983455188679245 0.5234164583333334 0.0934439858490566 0.17900020833333335 0.1400806693330302 0.5244543766913459 2 0.11669351415094341 0.453910625 2
1 0.2176501179245283 0.22492166666666666 0.09048891509433962 0.22182333333333334 0.22893820754716981 0.22397791666666667 2 0.17989009433962264 0.31728395833333334 2
1 0.11200683962264152 0.22700625 0.09249575471698114 0.24265416666666667 0.1148070754716981 0.23730729166666667 2 0.12140966981132076 0.12567333333333333 2
0 0.3337510613207547 0.7295470833333333 0.013046344339622642 0.0305975 0.3337510182919145 0.7294178789297033 2 0 0 0
0 0.0458563679245283 0.5949483333333333 0.01630188679245283 0.032038125 0.04585631415841091 0.5948130455864897 2 0 0 0