1 0.7184395047169811 0.7102958333333333 0.07538514150943396 0.19274187499999998 0.7186380578752609 0.7114134316438768 2 0.7316814858490567 0.7705454166666666 2
1 0.6783495283018868 0.30869291666666665 0.0970746462264151 0.26594645833333336 0.6786052083631192 0.3102349858850363 2 0.7052709905660377 0.19571375 2
1 0.5728156839622641 0.3374352083333333 0.08597228773584906 0.213463125 0.573042122076098 0.3386729571508299 2 0.5402051886792453 0.24569916666666666 2
1 0.5145655660377358 0.40305270833333334 0.07511403301886792 0.24472770833333335 0.5147634051369058 0.40447174233088323 2 0.49964610849056607 0.299016875 2
1 0.42730058962264156 0.3238958333333333 0.11828054245283019 0.2197083333333333 0.4345630896226415 0.3323404166666667 2 0.467576179245283 0.242366875 2
1 0.4247053066037736 0.15597770833333333 0.14610872641509434 0.13612208333333334 0.42432047812828 0.155188415345699 2 0.47889504716981135 0.1723872916666667 2
1 0.6335439858490567 0.07625 0.14140247641509435 0.1525 0.6339164187677808 0.07713425902444852 2 0.6882926886792452 0.08241375 2
1 0.6399 0.19992770833333334 0.12130955188679246 0.16152229166666665 0.6375941037735849 0.21237562499999998 2 0.5939694575471698 0.150726875 2
1 0.19561108490566037 0.167458125 0.16113620283018867 0.186750625 0.19603549350057067 0.16854098352772234 2 0.1348509433962264 0.22403875 2
1 0.15350247641509432 0.09291666666666668 0.14379752358490566 0.18583333333333335 0.15937500000000002 0.08235270833333333 2 0.09712158018867924 0.1456675 2
1 0.0626179245283019 0.37323229166666666 0.1252358490566038 0.20853541666666667 0.042414033018867925 0.37060166666666666 2 0 0.3106191666666666 2
1 0.07840283018867925 0.06791666666666667 0.12668490566037735 0.13583333333333333 0.07873649923302385 0.06870428536057437 2 0.025435849056603774 0.11234395833333334 2