1 0.6663219339622642 0.7194583333333333 0.08999752358490565 0.15774979166666667 0.666558973943716 0.720373032853898 2 0.6769739386792453 0.7672131249999999 2
1 0.48272193396226415 0.41284 0.08666957547169811 0.20431979166666667 0.4824936592970967 0.4140247319321619 2 0.5071919811320754 0.32567583333333333 2
1 0.3900490566037736 0.3582622916666667 0.09018620283018869 0.17180854166666668 0.39028659353806383 0.35925850972205087 2 0.3798555424528302 0.30734770833333336 2
1 0.8331705188679245 0.32493395833333333 0.08413066037735849 0.17179895833333333 0.8333921064114591 0.32593012082052747 2 0.8090265330188678 0.27569041666666666 2
1 0.9233754716981132 0.3613897916666666 0.09475849056603773 0.21138708333333334 0.9236250513526576 0.36261550272299026 2 0.9165551886792452 0.4406420833333333 2
1 0.8922466981132074 0.14308375 0.10984622641509435 0.14799916666666665 0.8925360166014814 0.14394191130318598 2 0.8448694575471698 0.077415 2
1 0.5992299528301887 0.08913416666666667 0.11804952830188678 0.16006499999999999 0.5995408775854978 0.09006229073714765 2 0.5477510613207548 0.015766458333333334 2
1 0.4364977594339623 0.20682416666666667 0.12252382075471697 0.145518125 0.43617505006327945 0.20766794184864748 2 0.48738408018867924 0.16239020833333334 2
1 0.3769596698113208 0.11454895833333333 0.0790994103773585 0.18423541666666668 0.3771680057968216 0.1156172326271729 2 0.34967205188679246 0.06908416666666667 2
1 0.24147794811320755 0.5717710416666667 0.12128926886792453 0.14895791666666666 0.24179740585934908 0.5726347622048671 2 0.2883619103773585 0.563939375 2
1 0.28970412735849055 0.3874241666666667 0.10266721698113208 0.16348500000000002 0.2899745374124511 0.38837212133297466 2 0.27138372641509434 0.388990625 2
1 0.30384610849056604 0.22036833333333333 0.07656014150943397 0.20593 0.30364446055848465 0.2215624019294296 2 0.31099952830188676 0.150726875 2
1 0.22555813679245285 0.20890875 0.0894496462264151 0.16634895833333332 0.22579373374709985 0.20987331109910728 2 0.18743596698113207 0.13573145833333333 2
1 0.15422040094339623 0.3726345833333333 0.09769127358490566 0.16389729166666667 0.1544777051086238 0.373584928639818 2 0.11857995283018868 0.31567875 2
0 0.6540700471698113 0.366541875 0.016064740566037735 0.026352916666666667 0.6540699941858384 0.36643059424563035 2 0 0 0
0 0.33623584905660375 0.7096664583333333 0.013349764150943397 0.023980833333333333 0.3362358050270386 0.7095651942016434 2 0 0 0
0 0.007372759433962265 0.6692966666666667 0.01474551886792453 0.022506875 0.007372710800984466 0.6692016266352279 2 0 0 0