1 0.729053537735849 0.7565377083333333 0.11547783018867926 0.17525812500000001 0.7293576890239697 0.7575539285211312 2 0.7646946933962264 0.7705454166666666 2
1 0.6567708726415094 0.39159333333333335 0.08787334905660377 0.205146875 0.6570023178657864 0.39278286104189836 2 0.6298122641509434 0.4772979166666667 2
1 0.5638545990566038 0.5467760416666666 0.09446061320754716 0.16561479166666665 0.5641033941468544 0.5477363457592136 2 0.5326593160377359 0.5539422916666666 2
1 0.4709303066037736 0.5102945833333333 0.08761521226415095 0.22392229166666666 0.47069954127309876 0.5089961878764058 2 0.4458818396226415 0.42231416666666666 2
1 0.46975919811320754 0.689676875 0.10057570754716981 0.23148125 0.4694626179245283 0.6789056250000001 2 0.43267665094339625 0.617256875 2
1 0.375655070754717 0.6759243749999999 0.09517818396226416 0.17398458333333336 0.3754043856907025 0.6769332106585403 2 0.3657070754716981 0.6255879166666667 2
1 0.3917002358490566 0.5451085416666667 0.10858054245283019 0.15228291666666666 0.40249316037735855 0.5472775 2 0.348728891509434 0.49395979166666665 2
1 0.3764880896226415 0.17058416666666665 0.08004257075471698 0.20966479166666666 0.3766989097511438 0.171799891152833 2 0.348728891509434 0.08907833333333333 2
1 0.3131681603773585 0.377634375 0.08168242924528302 0.17056458333333332 0.31338329964721817 0.3786233800627135 2 0.330807429245283 0.3173447916666667 2
1 0.28273856132075476 0.19558062499999998 0.09802429245283019 0.20967208333333334 0.2883619103773585 0.19904624999999998 2 0.3166589622641509 0.10407395833333334 2
1 0.1862943396226415 0.11308770833333333 0.12788290094339622 0.14132458333333334 0.18663116400691496 0.11390716760014596 2 0.13272841981132077 0.12740041666666665 2
1 0.2445424528301887 0.6980054166666666 0.0915753537735849 0.188155625 0.24874610849056605 0.6755733333333332 2 0.25723525943396225 0.7555499999999999 2
1 0.25915601415094336 0.48696666666666666 0.08859516509433962 0.19393354166666665 0.25892266777146367 0.4858421585724895 2 0.2185626179245283 0.41065083333333335 2
1 0.16140318396226416 0.5669810416666666 0.13129705188679244 0.162704375 0.1714010613207547 0.5689379166666666 2 0.1619686320754717 0.49229354166666667 2
1 0.07205188679245284 0.733205 0.14410377358490567 0.13858979166666666 0.07243143452284645 0.734008601796575 2 0.007278419811320755 0.740554375 2
0 0.04517358490566038 0.5923200000000001 0.017331132075471697 0.027075208333333333 0.045173527744934536 0.5922056692165744 2 0 0 0