1 0.6473384433962264 0.734038125 0.10673808962264152 0.13692374999999998 0.6476195755182728 0.7348320663875333 2 0.6845198113207547 0.7672131249999999 2
1 0.6927360849056604 0.6948791666666666 0.12773419811320755 0.16857395833333333 0.693072517628978 0.6958566292499011 2 0.7467732311320754 0.6789056250000001 2
1 0.7199735849056603 0.7109164583333333 0.10297735849056604 0.13733354166666667 0.7202448118258493 0.7117127758649938 2 0.7524325471698113 0.7372218749999999 2
1 0.6460412735849056 0.5467747916666668 0.10225707547169811 0.148950625 0.6463106033876336 0.5476384699247224 2 0.6854630896226415 0.532281875 2
1 0.49499245283018867 0.5884352083333333 0.0906753537735849 0.14896270833333333 0.49523127811471274 0.5892989566556287 2 0.5194540094339622 0.5456114583333334 2
1 0.389458608490566 0.5182410416666666 0.07768655660377359 0.20185104166666665 0.38966322323109315 0.5194114587498672 2 0.392117570754717 0.5806010416666666 2
1 0.3769604952830189 0.6623827083333332 0.09796568396226416 0.14690125 0.377218522204031 0.6632345034547449 2 0.342126179245283 0.620589375 2
1 0.41787688679245283 0.244114375 0.09868018867924529 0.200104375 0.41813679561174516 0.24527466417655985 2 0.44399540094339623 0.18738291666666665 2
1 0.43096580188679245 0.10020833333333333 0.10787983490566037 0.20041666666666666 0.4312499411947028 0.10137043330808672 2 0.3874014150943396 0.020765 2
1 0.27755966981132074 0.19141875 0.11988054245283018 0.267995625 0.2836457547169811 0.225705 2 0.2694972877358491 0.07908125 2
1 0.28757311320754714 0.08536062500000001 0.09590094339622642 0.17072125000000002 0.2873205245035657 0.08437071151817947 2 0.2911916273584906 0 2
1 0.27755884433962263 0.7271672916666667 0.10101426886792453 0.17983208333333334 0.2778249007761226 0.7282100335851773 2 0.23742735849056604 0.7855410416666667 2
1 0.2564512971698113 0.5051179166666667 0.0795501179245283 0.19893104166666667 0.2566608202514051 0.5062714023639565 2 0.24120023584905662 0.413983125 2