1 0.7316463443396226 0.7521647916666667 0.08670731132075471 0.19650375 0.7318747183953578 0.7533042029078173 2 0.739227358490566 0.6822379166666667 2
1 0.6146757075471698 0.653845625 0.09423349056603773 0.19314208333333335 0.6118908018867926 0.650580625 2 0.636414858490566 0.5939304166666666 2
1 0.7072391509433962 0.5694791666666668 0.10957830188679245 0.14104166666666668 0.7075277637586395 0.5702969854638684 2 0.683576533018868 0.6055939583333333 2
1 0.7053411556603773 0.10413354166666666 0.15077676886792452 0.18006624999999998 0.6769739386792453 0.10074166666666667 2 0.759035141509434 0.057421041666666665 2
1 0.45065801886792456 0.33743270833333333 0.12274044811320754 0.18013458333333335 0.45098129880258503 0.3384772042738433 2 0.41098219339622644 0.2906860416666667 2
1 0.3912291273584905 0.5932264583333333 0.1189568396226415 0.15188041666666668 0.39872016509433966 0.592264375 2 0.3449558962264151 0.5756025 2
1 0.4036087264150943 0.3559704166666667 0.08712216981132075 0.16389250000000002 0.4043795990566038 0.35066854166666667 2 0.37419610849056606 0.388990625 2
1 0.4020681603773585 0.24577812500000001 0.0914004716981132 0.16344354166666666 0.40182742524095705 0.24672583927348576 2 0.42324422169811315 0.18904916666666666 2
1 0.3809694575471698 0.091875 0.09466474056603774 0.18375 0.38121879027827255 0.09294045964421256 2 0.34684233490566035 0 2
1 0.2854583726415094 0.6373875000000001 0.08285683962264152 0.16355833333333333 0.28175919811320754 0.6472483333333333 2 0.28458903301886795 0.5756025 2
1 0.2542132075471698 0.11100687499999999 0.13355459905660377 0.17048645833333334 0.2723268867924528 0.122401875 2 0.20064127358490566 0.11573729166666666 2
1 0.31092853773584905 0.21578083333333334 0.09795424528301887 0.14010479166666664 0.30534009433962267 0.22070645833333333 2 0.3345804245283019 0.19738 2
1 0.30397146226415095 0.347846875 0.09535896226415094 0.16763958333333334 0.3062833726415094 0.34567000000000003 2 0.30534009433962267 0.27902270833333337 2
1 0.13842146226415095 0.07 0.13400625 0.14 0.13650141509433963 0.05069520833333333 2 0.09594233490566037 0 2
0 0.5610349056603774 0.6308820833333333 0.014385259433962265 0.030054375 0.5610348582155903 0.6307551723896828 2 0 0 0