1 0.7375331367924528 0.5178227083333333 0.11846261792452831 0.17768791666666667 0.7372211240210229 0.5188530174733199 2 0.7807295990566038 0.447306875 2
1 0.5690419811320755 0.325770625 0.07465188679245283 0.22012541666666668 0.5692386030073866 0.32704700458162617 2 0.5666156839622641 0.23236979166666666 2
1 0.4690429245283019 0.31743479166666666 0.10270860849056604 0.1701302083333333 0.4687724054553124 0.31842127804076537 2 0.5071919811320754 0.26402708333333336 2
1 0.43083997641509436 0.162670625 0.07347252358490566 0.233825625 0.4279603773584905 0.1790520833333333 2 0.4383359669811321 0.06741812500000001 2
1 0.366111320754717 0.14704916666666668 0.0724942216981132 0.25256833333333334 0.3657070754716981 0.17072125000000002 2 0.3440127358490566 0.034094375 2
1 0.6860029481132075 0.21307416666666665 0.15927004716981133 0.15801812499999998 0.6486770047169811 0.20737708333333332 2 0.7543189858490567 0.17571958333333332 2
1 0.7548666273584905 0.08619375 0.11775224056603772 0.1723872916666667 0.7545564856144975 0.08519417610913776 2 0.7929916273584906 0.14572854166666668 2
1 0.24241992924528302 0.09604166666666666 0.09110341981132077 0.19208333333333333 0.24265988199155938 0.09715544647614965 2 0.22327877358490564 0.15739166666666668 2
1 0.1423115566037736 0.12104166666666667 0.10971650943396226 0.24208333333333334 0.14260053343697104 0.12244536746777211 2 0.13367169811320756 0.21725208333333335 2
1 0.060849056603773585 0.05854166666666667 0.12169811320754717 0.11708333333333334 0.06116959118459699 0.059220564988715946 2 0 0.054027708333333334 2
1 0.053183962264150945 0.3469833333333333 0.10636792452830189 0.1693666666666667 0.05346411942684738 0.34796539237228913 2 0 0.3089529166666667 2
0 0.3197803066037736 0.6990422916666666 0.017065448113207548 0.022295625 0.3197803628882331 0.6991364396503805 2 0 0 0