1 0.5461692216981132 0.6936266666666667 0.13454834905660376 0.12608 0.5317160377358491 0.6988997916666667 2 0.5986856132075472 0.7272247916666666 2
1 0.8316397405660377 0.746538125 0.13200353773584905 0.16192375 0.8319874180897082 0.7474770268833446 2 0.7967645047169811 0.7288910416666667 2
1 0.8622866745283019 0.32826875 0.11796957547169812 0.19846250000000001 0.861975960356758 0.32941951889599747 2 0.8495856132075472 0.388990625 2
1 0.9067503537735849 0.4519952083333333 0.11621615566037735 0.126009375 0.9070564497002817 0.4527258635924079 2 0.8590179245283018 0.4772979166666667 2
1 0.7394311320754717 0.47386791666666667 0.14189245283018867 0.13643104166666667 0.7137601415094339 0.47563187500000004 2 0.7929916273584906 0.502290625 2
1 0.6258683962264151 0.41408666666666666 0.11918962264150944 0.16016 0.6255544686335794 0.41501534158703174 2 0.5901965801886793 0.4273127083333333 2
1 0.6091248820754718 0.27369229166666664 0.1092876179245283 0.182615625 0.5949127358490566 0.24903145833333334 2 0.6486770047169811 0.23403583333333333 2
1 0.638132429245283 0.110145625 0.09654775943396227 0.21112458333333334 0.6378781369248522 0.10892143602888239 2 0.6326419811320755 0.01909875 2
1 0.4011248820754717 0.14641729166666667 0.08951391509433962 0.15799854166666666 0.4043795990566038 0.13573145833333333 2 0.36004764150943397 0.12906666666666666 2
1 0.2461945754716981 0.5659381250000001 0.12129009433962264 0.143956875 0.24651403539200828 0.5667728473990175 2 0.266667570754717 0.5122877083333334 2
1 0.27638042452830186 0.382425625 0.11752205188679245 0.17348208333333334 0.276689959989832 0.38343154695257464 2 0.28270259433962264 0.39065666666666665 2
1 0.3020837264150943 0.18808166666666667 0.07837830188679244 0.17468 0.30229016310896556 0.1890945346429989 2 0.31194280660377355 0.10740625 2
1 0.2582213443396226 0.09260416666666667 0.10384150943396225 0.18520833333333334 0.2584948473038117 0.09367808233980156 2 0.2647811320754717 0 2
1 0.21824834905660379 0.198481875 0.10878632075471698 0.15678604166666668 0.2185348759123075 0.19939098629345123 2 0.17706037735849056 0.136750625 2
1 0.11460330188679245 0.40345729166666666 0.14862346698113207 0.23016874999999998 0.11499475381183648 0.40479190671147675 2 0.05066709905660377 0.484981875 2
1 0.053183962264150945 0.40741041666666666 0.10636792452830189 0.16809583333333336 0.05346411942684738 0.4083851068804188 2 0.028972759433962263 0.429998125 2
0 0.7266417452830188 0.6670868750000001 0.013838207547169811 0.027037916666666665 0.7266416996424927 0.6669727016885101 2 0 0 0
0 0.33681580188679244 0.7102733333333333 0.012627712264150943 0.02592145833333333 0.33681576023866494 0.7101638745028676 2 0 0 0
0 0.007525 0.669805 0.015049882075471697 0.01991625 0.007524950363185764 0.6697208994295678 2 0 0 0