1 0.5429838443396227 0.48638125 0.09610766509433963 0.3447375 0.5432369775175578 0.488380182756989 2 0.5420916273584906 0.3240095833333333 2
1 0.6373156839622642 0.7177935416666668 0.10555719339622642 0.17774645833333333 0.6375937057807327 0.7188241902558143 2 0.6750875 0.7538835416666667 2
1 0.7133696933962265 0.7155016666666667 0.08788325471698114 0.16983 0.7136011647105275 0.7164864123068116 2 0.7373409198113207 0.7672131249999999 2
1 0.7257509433962264 0.6078097916666666 0.09378113207547169 0.18104708333333336 0.7259979488350673 0.6088595786652736 2 0.7345112028301887 0.677239375 2
1 0.7342311320754717 0.32014645833333333 0.13072629716981132 0.21887395833333334 0.7338868186119223 0.32141558143414 2 0.7741270047169811 0.25569625 2
1 0.8398931603773585 0.7748668750000001 0.12021356132075472 0.15526625 0.8402097848711296 0.7757671739033101 2 0.8335507075471698 0.798870625 2
1 0.8975533018867924 0.6150964583333334 0.12234587264150944 0.12564104166666665 0.8910878537735849 0.6172570833333333 2 0.8552450471698113 0.592264375 2
1 0.618921462264151 0.08354166666666667 0.1140438679245283 0.16708333333333333 0.6192218367106991 0.08451048598033842 2 0.6562228773584905 0.08907833333333333 2
1 0.3428832547169811 0.137466875 0.09772393867924528 0.24673291666666666 0.33646686320754715 0.14739458333333333 2 0.3034536556603774 0.02909583333333333 2
1 0.34700978773584906 0.349309375 0.0871123820754717 0.22721458333333333 0.3472392286872093 0.3506268605462217 2 0.31854540094339623 0.25569625 2
1 0.2991369103773585 0.682378125 0.09323561320754717 0.12357729166666667 0.29938247900130527 0.6830946780188403 2 0.30816981132075466 0.6855704166666666 2
1 0.2885245283018868 0.5469845833333333 0.0908754716981132 0.16936416666666665 0.28876388066701514 0.5479666278762395 2 0.255348820754717 0.52061875 2
1 0.22367252358490564 0.377840625 0.11208891509433963 0.140985625 0.22396774897885602 0.37865811884409023 2 0.2657242924528302 0.355666875 2
1 0.04610849056603774 0.5286577083333334 0.09221698113207548 0.222684375 0.04123478773584906 0.49062750000000005 2 0.02708632075471698 0.6039277083333333 2
1 0.4064384433962264 0.06791666666666667 0.0814627358490566 0.13583333333333333 0.40532287735849054 0.049089999999999995 2 0.38174198113207547 0 2
1 0.9753537735849057 0.6048920833333333 0.049292452830188675 0.17521166666666668 1 0.6122585416666666 2 0.9910706367924529 0.5539422916666666 2
1 0.12084988207547169 0.10038270833333333 0.08188502358490567 0.16256791666666667 0.11669351415094341 0.11234395833333334 2 0.09028301886792453 0.042364375 2