1 0.7086445754716981 0.6090599999999999 0.11021367924528302 0.18688 0.707157429245283 0.6089260416666666 2 0.6684849056603773 0.6455820833333333 2
1 0.3929983490566038 0.5976079166666667 0.13192771226415095 0.247284375 0.3949472877358491 0.6005952083333334 2 0.33929658018867925 0.5072891666666667 2
1 0.5205806603773585 0.40137937500000004 0.10789528301886792 0.14807479166666668 0.5208648403732825 0.4022379748086858 2 0.47889504716981135 0.35066854166666667 2
1 0.414094929245283 0.4038822916666666 0.10130306603773585 0.19306895833333335 0.41947134433962263 0.415649375 2 0.3760825471698113 0.4689670833333333 2
1 0.6535891509433962 0.42491562499999996 0.1343311320754717 0.12183541666666667 0.6539429590015204 0.4256220778962947 2 0.7024411556603775 0.45730375 2
1 0.7304674528301888 0.28306833333333337 0.09378195754716982 0.21802979166666667 0.7335679245283019 0.2856875 2 0.7250788915094339 0.20737708333333332 2
1 0.636961320754717 0.2553654166666667 0.08975660377358491 0.235935625 0.6383015330188679 0.27902270833333337 2 0.6081179245283018 0.15572541666666667 2
1 0.6838918632075471 0.08979166666666667 0.10438608490566038 0.17958333333333334 0.6841668005018664 0.09083296622824404 2 0.6703713443396226 0 2
1 0.5548926886792452 0.22870166666666666 0.08408254716981133 0.22259666666666666 0.5534103773584905 0.225705 2 0.5807641509433962 0.122401875 2
1 0.2901753537735849 0.08354166666666667 0.09229080188679246 0.16708333333333333 0.29041843390619293 0.08451048598033842 2 0.2987375 0.13406520833333332 2
1 0.24418879716981132 0.19932645833333332 0.09464115566037737 0.16051374999999998 0.24443806778180927 0.20025718444471413 2 0.2760998820754717 0.26402708333333336 2
1 0.19938242924528302 0.35492749999999995 0.11821627358490566 0.145145 0.19969379318266323 0.3557691116465808 2 0.23742735849056604 0.355666875 2
1 0.3174127358490566 0.6167689583333333 0.07319339622641509 0.20896229166666666 0.31760551627892625 0.6179806094295675 2 0.3091130896226415 0.6988997916666667 2
1 0.09927275943396227 0.6613458333333334 0.10852995283018868 0.211475 0.09955861105499669 0.6625720541674006 2 0.061042806603773585 0.5955966666666667 2
1 0.09125448113207546 0.29723208333333334 0.10569858490566038 0.20636895833333335 0.09153287535457737 0.2984286971941353 2 0.05726981132075472 0.21737416666666667 2
1 0.0402122641509434 0.4155491666666667 0.0804245283018868 0.219735 0.025199882075471698 0.42231416666666666 2 0.017654009433962264 0.31901104166666666 2
1 0.028419811320754718 0.7515379166666667 0.056839622641509435 0.16859083333333333 0.01010813679245283 0.740554375 2 0 0.7522175 2