1 0.6752745283018867 0.123125 0.11658679245283018 0.24625 0.6749674561734579 0.12455286088374065 2 0.7194194575471697 0.015766458333333334 2
1 0.5563079009433962 0.38409166666666666 0.09068596698113209 0.17014979166666666 0.5565467541815174 0.3850782665931538 2 0.5232270047169811 0.3106802083333333 2
1 0.45844033018867925 0.6167627083333334 0.12132676886792453 0.12564104166666665 0.45875988670419743 0.617491227841103 2 0.40532287735849054 0.6389175 2
1 0.38509728773584906 0.68612875 0.11235259433962265 0.14107583333333332 0.38539320762139123 0.6869467669098792 2 0.3411830188679245 0.680571875 2
1 0.4012505896226415 0.09395833333333334 0.09183832547169811 0.18791666666666668 0.40149247800022375 0.0950479530601811 2 0.3685367924528302 0 2
1 0.4550116745283019 0.28285979166666664 0.09115542452830189 0.21428041666666667 0.456257429245283 0.2956845833333333 2 0.4704058962264151 0.19571395833333333 2
1 0.4500683962264151 0.46283145833333333 0.12156120283018867 0.18767020833333334 0.46286002358490563 0.4639685416666667 2 0.4006067216981132 0.3939889583333333 2
1 0.37506509433962265 0.5132402083333333 0.10579056603773586 0.17851979166666665 0.37478645785261194 0.514275341033818 2 0.33269386792452826 0.5756025 2
1 0.35808525943396224 0.3655539583333333 0.10956686320754717 0.186391875 0.3577966767464848 0.3666347366779407 2 0.31760212264150944 0.43730979166666667 2
1 0.3895781839622642 0.21723979166666665 0.11754162735849055 0.14968729166666667 0.38988777098265126 0.21810774142733227 2 0.34023974056603773 0.16072395833333333 2
1 0.21612830188679247 0.5690608333333333 0.1649132075471698 0.11687833333333333 0.2165626585457427 0.569738542979317 2 0.14121757075471697 0.5855995833333334 2
1 0.22567617924528302 0.10541666666666667 0.09157216981132076 0.21083333333333334 0.2195058962264151 0.07241666666666666 2 0.23365436320754718 0.16572250000000002 2
1 0.08620283018867923 0.47241020833333336 0.17240566037735847 0.14351291666666668 0.10537464622641508 0.4789641666666667 2 0.007278419811320755 0.4273127083333333 2
1 0.10528856132075472 0.366800625 0.16017747641509433 0.14223208333333334 0.12423938679245283 0.37232875000000004 2 0.035575471698113204 0.3323404166666667 2
1 0.059080188679245284 0.7361202083333332 0.11816037735849057 0.12442625 0.059391405394347084 0.7368416839690106 2 0.10631792452830188 0.69390125 2
1 0.08158655660377359 0.646965 0.12975153301886794 0.10273666666666667 0.08192830268472119 0.6475607103255198 2 0.13555813679245282 0.6422497916666666 2
1 0.05165106132075472 0.5909283333333334 0.10330212264150944 0.15061666666666668 0.046894221698113206 0.5672716666666666 2 0 0.6539129166666666 2
0 0.6610963443396226 0.7652308333333333 0.016704127358490566 0.023470416666666667 0.6610962892468543 0.7651317245437798 2 0 0 0
0 0.7364459905660378 0.741218125 0.014324646226415093 0.024160833333333336 0.7364459433211623 0.7411161007803077 2 0 0 0
0 0.5615390330188679 0.6313854166666667 0.015826415094339623 0.029129166666666664 0.5615389808209289 0.6312624126105377 2 0 0 0