1 0.72504375 0.6348883333333333 0.0999125 0.16855687500000002 0.7253069045425187 0.635865696860229 2 0.7052709905660377 0.5756025 2
1 0.609126179245283 0.6217675 0.0809882075471698 0.19896520833333334 0.6089128684512733 0.6229211838099674 2 0.5854803066037736 0.6988997916666667 2
1 0.38545047169811325 0.6598858333333334 0.09985377358490566 0.18522833333333333 0.3902310141509434 0.6589114583333333 2 0.3525017688679245 0.7188939583333334 2
1 0.6787056603773586 0.47595354166666665 0.15249433962264153 0.17392604166666667 0.6791073076004795 0.476962037876046 2 0.7401705188679245 0.5072891666666667 2
1 0.6857786556603773 0.28389791666666664 0.11004634433962264 0.16637104166666666 0.6845198113207547 0.2890197916666667 2 0.6449041273584906 0.3356727083333333 2
1 0.5449875000000001 0.219121875 0.07559103773584906 0.25008979166666667 0.5451865954580647 0.22057200060789312 2 0.5373754716981132 0.122401875 2
1 0.4471191037735849 0.3093125 0.08736556603773585 0.19054166666666666 0.4473492115735353 0.31041734057890796 2 0.4704058962264151 0.2956845833333333 2
1 0.3878084905660377 0.40846479166666666 0.0951376179245283 0.1922370833333333 0.38805906878519203 0.4095794629831989 2 0.36004764150943397 0.4356435416666667 2
1 0.3883977594339623 0.14412666666666668 0.08688372641509434 0.16674666666666665 0.38862659814060146 0.1450935338456615 2 0.3515584905660377 0.12906666666666666 2
1 0.4658600235849057 0.10125 0.08455035377358491 0.2025 0.46474646226415095 0.10074166666666667 2 0.4383359669811321 0.14906083333333334 2
1 0.28557759433962265 0.10413354166666666 0.11327877358490566 0.18006624999999998 0.2858759536424107 0.10517764138182145 2 0.23459764150943394 0.03909291666666667 2
1 0.29689634433962264 0.3161895833333333 0.09064115566037735 0.230954375 0.2971350795514447 0.31752875376172424 2 0.31099952830188676 0.21237562499999998 2
1 0.06497641509433963 0.7215441666666667 0.12995283018867926 0.195245 0.0653186913618468 0.7226762791468533 2 0 0.7888735416666666 2
1 0.1176694575471698 0.5336514583333333 0.15852865566037735 0.14936291666666665 0.11808699825385224 0.5345175272315658 2 0.04972393867924528 0.48063041666666667 2
1 0.05377358490566038 0.3382658333333334 0.10754716981132076 0.17846854166666667 0.04217806603773585 0.3390052083333333 2 0.07896415094339623 0.39565520833333334 2
1 0.20516061320754717 0.30472750000000004 0.12788620283018867 0.158045 0.2054974462884953 0.30564391126241947 2 0.15819575471698114 0.23236979166666666 2
1 0.16660365566037735 0.066875 0.15075495283018867 0.13375 0.15347959905660377 0.03909291666666667 2 0.2317679245283019 0.10740625 2