1 0.7215051886792453 0.7194620833333333 0.07397075471698114 0.2077425 0.7217000165548095 0.720666661565376 2 0.7448866745283019 0.7888735416666666 2
1 0.6624233490566038 0.69384 0.08380896226415094 0.19648666666666664 0.6622026088176588 0.6949793121848119 2 0.6788603773584905 0.7672131249999999 2
1 0.8805734669811321 0.7173762499999999 0.11668313679245283 0.17024729166666666 0.8808807928661041 0.7183634152724208 2 0.8420397405660378 0.7622145833333334 2
1 0.8678385613207548 0.3695158333333334 0.11385106132075472 0.24096854166666667 0.868138427943621 0.3709130701043298 2 0.8401533018867925 0.272358125 2
1 0.8674850235849056 0.20516166666666666 0.11691674528301886 0.19884312499999998 0.8677929647596108 0.20631464258621288 2 0.9024067216981132 0.14406229166666668 2
1 0.6063029481132075 0.09725770833333333 0.07560165094339623 0.15631791666666667 0.5807641509433962 0.10740625 2 0.6184935141509433 0.049089999999999995 2
1 0.39983584905660374 0.2624460416666667 0.08334917452830189 0.17012041666666666 0.4000553782836004 0.2634324712645712 2 0.4072093160377358 0.19404770833333332 2
1 0.4501774764150943 0.09395833333333334 0.08384551886792453 0.18791666666666668 0.4499566398915369 0.0950479530601811 2 0.42324422169811315 0.14572854166666668 2
1 0.37600955188679247 0.13391854166666667 0.07937771226415094 0.14966291666666667 0.3758004828958549 0.13478635009084888 2 0.3874014150943396 0.10740625 2
1 0.2880528301886792 0.09663333333333333 0.09181875 0.16173354166666665 0.28081603773584907 0.09241083333333333 2 0.2987375 0.08574604166666666 2
1 0.26517841981132073 0.27764791666666666 0.11398266509433963 0.15387104166666665 0.2654786330587919 0.2785401255663063 2 0.2195058962264151 0.26069479166666665 2
1 0.23086474056603773 0.16828875 0.10006285377358491 0.15175583333333334 0.2311282911178496 0.1691686940336899 2 0.24968938679245284 0.17405354166666667 2
1 0.16389080188679245 0.47886625 0.1302373820754717 0.12643395833333332 0.16423382762129918 0.4795993671714951 2 0.10443148584905661 0.45897 2
1 0.15693290094339624 0.291396875 0.10311627358490566 0.18136895833333336 0.15720449374511242 0.29244852836499063 2 0.15913891509433964 0.20737708333333332 2
0 0.654301179245283 0.36640645833333335 0.014984080188679246 0.024881041666666666 0.6543011298254935 0.36630139288189995 2 0 0 0
0 0.3363777122641509 0.7096972916666666 0.013071816037735847 0.026649375 0.3363776691513012 0.7095847590543948 2 0 0 0
0 0.007360495283018868 0.670124375 0.014720990566037736 0.02175125 0.007360446730939162 0.6700325257546546 2 0 0 0
0 0.20818478773584903 0.6312229166666667 0.013810259433962264 0.020087916666666667 0.2081847421875 0.6311380911974916 2 0 0 0