1 0.674222641509434 0.6398916666666667 0.10013950471698113 0.22521666666666668 0.6744863939483365 0.6411975674532648 2 0.7090439858490567 0.7222264583333333 2
1 0.4778966981132075 0.7223725000000001 0.13194245283018868 0.126921875 0.47824421474839657 0.7231084463171717 2 0.42607393867924526 0.7588822916666668 2
1 0.38921603773584906 0.531363125 0.07748867924528302 0.188106875 0.38928785377358494 0.5256172916666667 2 0.40815247641509433 0.51562 2
1 0.5992188679245283 0.5402954166666666 0.1385318396226415 0.15725562499999998 0.5835938679245283 0.5456114583333334 2 0.6533931603773585 0.5572745833333334 2
1 0.4742303066037736 0.40010708333333334 0.12251733490566037 0.15771416666666666 0.47390761431584455 0.39919259038147514 2 0.5166242924528301 0.3340066666666667 2
1 0.4151553066037736 0.09663208333333334 0.11993337264150944 0.14506916666666667 0.4148394200849676 0.09747325526641024 2 0.46474646226415095 0.062419583333333334 2
1 0.7027470518867924 0.11202395833333334 0.1503055424528302 0.16071479166666666 0.7109304245283019 0.10740625 2 0.6383015330188679 0.07075041666666666 2
1 0.6232831367924527 0.32014750000000003 0.08881096698113208 0.23553812500000001 0.6269826650943395 0.3356727083333333 2 0.6213232311320755 0.21904020833333335 2
1 0.682358608490566 0.259945625 0.09566025943396227 0.20177541666666665 0.6826105632690829 0.26111560357770075 2 0.6590525943396227 0.24403291666666668 2
1 0.25657004716981135 0.7123754166666667 0.10053903301886792 0.14691583333333333 0.2568348519063493 0.7132272963483676 2 0.2647811320754717 0.6955675 2
1 0.19702393867924528 0.099966875 0.11349929245283019 0.17173291666666665 0.19732287879566335 0.10096265454988436 2 0.18837924528301886 0.14239604166666667 2
1 0.23086356132075472 0.27161375 0.0736498820754717 0.24510583333333333 0.23105754406589799 0.273034976525049 2 0.2421435141509434 0.17405354166666667 2
1 0.18641025943396225 0.5142854166666667 0.08283974056603773 0.23059583333333336 0.186628446888295 0.5156225081199468 2 0.21384646226415094 0.5972629166666666 2
1 0.06497641509433963 0.3909675 0.12995283018867926 0.19389833333333334 0.06670212264150943 0.41065083333333335 2 0 0.45563770833333334 2
1 0.09973337264150943 0.5524002083333334 0.14710825471698113 0.16686625 0.11292063679245283 0.5439452083333334 2 0.0365186320754717 0.6155908333333334 2
1 0.28038938679245284 0.43595687499999997 0.11422110849056603 0.137253125 0.2806902280640736 0.4367527262420656 2 0.2806902280640736 0.46462340223889803 2
0 0.33387252358490566 0.7335210416666667 0.012773584905660378 0.025922708333333332 0.33387248145566784 0.733411577557812 2 0 0 0