1 0.7246893867924529 0.7075866666666666 0.08411191037735849 0.177326875 0.7249109249512992 0.7086148823354929 2 0.7467732311320754 0.7622145833333334 2
1 0.6015867924528302 0.5453195833333333 0.08503396226415094 0.1893608333333333 0.601810759158079 0.5464175769448225 2 0.5779344339622641 0.618923125 2
1 0.7108850235849057 0.539905 0.10761922169811321 0.208523125 0.7106015706931036 0.5411141046235244 2 0.7458299528301887 0.4639685416666667 2
1 0.6658409198113208 0.3441022916666666 0.12602158018867923 0.23346208333333335 0.665508997866799 0.34545600284079153 2 0.707157429245283 0.27069187499999997 2
1 0.7327071933962264 0.26223875 0.07751002358490566 0.22635583333333334 0.732911343175254 0.2635512561531906 2 0.7609218160377359 0.1723872916666667 2
1 0.6732806603773585 0.050208333333333334 0.1303253537735849 0.10041666666666667 0.6486770047169811 0.014100416666666667 2 0.7213058962264152 0.08907833333333333 2
1 0.5969893867924528 0.10204895833333333 0.11545507075471699 0.15923541666666668 0.5901965801886793 0.08907833333333333 2 0.6354716981132076 0.125734375 2
1 0.5703400943396226 0.252865 0.0979991745283019 0.22427000000000002 0.5705982094697635 0.25416541161582346 2 0.5449213443396227 0.16405645833333335 2
1 0.4591385613207547 0.3066083333333333 0.09233384433962263 0.24178333333333332 0.4588953678207804 0.30801029460848905 2 0.48738408018867924 0.20737708333333332 2
1 0.38037900943396225 0.545529375 0.0746192216981132 0.20977458333333335 0.38057554527431325 0.5467457361043438 2 0.36099080188679245 0.45563770833333334 2
1 0.3091591981132075 0.7059191666666667 0.08498337264150943 0.163995 0.30938303157297653 0.7068700785270892 2 0.31194280660377355 0.6439158333333334 2
1 0.2652866745283019 0.5680227083333332 0.11029033018867924 0.16478770833333334 0.2649961863372844 0.5689782166494771 2 0.2723268867924528 0.505623125 2
1 0.15315908018867924 0.6015622916666667 0.09745530660377358 0.20187541666666667 0.14499044811320755 0.5656054166666666 2 0.13084198113207546 0.6689085416666667 2
1 0.2303946933962264 0.35493 0.13685224056603773 0.17847333333333332 0.2307551416760594 0.3559648633155633 2 0.2317679245283019 0.2956845833333333 2
1 0.04964622641509434 0.3576402083333334 0.09929245283018868 0.20722041666666666 0.04990774784634755 0.3588417593070218 2 0.02142688679245283 0.27902270833333337 2
1 0.11849469339622642 0.06583333333333334 0.15263325471698114 0.13166666666666668 0.11889670650087485 0.06659679194460583 2 0.05066709905660377 0.012373125 2