1 0.7062954009433962 0.6313510416666667 0.10203172169811321 0.22146458333333333 0.7065641371980776 0.6326351862988518 2 0.6807469339622642 0.7122291666666667 2
1 0.46905235849056603 0.6665529166666667 0.11425377358490567 0.20522729166666667 0.48172476415094334 0.6755733333333332 2 0.4336198113207547 0.7272247916666666 2
1 0.3789573113207547 0.56903875 0.08291462264150944 0.18307770833333334 0.3787389266382642 0.5679771885851206 2 0.3562746462264151 0.4972920833333333 2
1 0.38225731132075474 0.37427770833333335 0.11781662735849056 0.15605541666666667 0.38194699999160553 0.3733728335103722 2 0.33646686320754715 0.3939889583333333 2
1 0.4446430424528302 0.2547420833333333 0.08995919811320754 0.25801562499999997 0.44487998149073665 0.2562381662504151 2 0.41947134433962263 0.1590579166666667 2
1 0.5670379716981132 0.36159708333333335 0.08573537735849056 0.19847229166666666 0.5672637858255392 0.36274790900552495 2 0.5543536556603774 0.28735375 2
1 0.6118455188679246 0.29681625 0.09045978773584906 0.21553416666666667 0.6120837763838306 0.2980660075865705 2 0.6354716981132076 0.36399791666666664 2
1 0.7427198113207547 0.39825541666666664 0.1571377358490566 0.15848895833333335 0.7184762971698114 0.40231999999999996 2 0.7958213443396226 0.36899645833333333 2
1 0.5762350235849056 0.09604166666666666 0.08149209905660378 0.19208333333333333 0.5764496615535895 0.09715544647614965 2 0.5458645047169811 0 2
1 0.23782299528301887 0.08458333333333333 0.13095766509433962 0.16916666666666666 0.23816792452830188 0.08556416666666666 2 0.2751566037735849 0.07241666666666666 2
1 0.2716634433962264 0.6415579166666666 0.1080880896226415 0.2218841666666667 0.2719481312158322 0.6428444942191731 2 0.29307806603773584 0.7222264583333333 2
1 0.037264150943396225 0.67821375 0.07452830188679245 0.14857229166666666 0.011051415094339623 0.6755733333333332 2 0 0.6755733333333332 2
1 0.2294495283018868 0.36847291666666665 0.09723231132075472 0.19222958333333334 0.23082464622641508 0.3506683333333333 2 0.1968682783018868 0.43897583333333334 2
1 0.1495057783018868 0.28636541666666665 0.14485625 0.14476916666666667 0.1498873079423194 0.2872048490737938 2 0.1864926886792453 0.2806279166666667 2
1 0.05966981132075472 0.318863125 0.11933962264150944 0.17977354166666668 0.025199882075471698 0.33894416666666666 2 0 0.2623 2
0 0.7001667452830189 0.73782875 0.014960849056603774 0.028260833333333336 0.7001666959398491 0.7377094126646975 2 0 0 0