1 0.724925 0.7198781249999999 0.07892358490566037 0.19857729166666666 0.7251328728875744 0.721029559506274 2 0.736397641509434 0.7905395833333333 2
1 0.6630129716981132 0.6936302083333333 0.08262971698113207 0.17607270833333333 0.6627953374144089 0.6946511518172864 2 0.6529211084905661 0.7576333333333333 2
1 0.3937040094339623 0.35992979166666667 0.08806379716981132 0.18514041666666667 0.39393595627001055 0.36100331353045456 2 0.38174198113207547 0.2956845833333333 2
1 0.3723545990566038 0.11702145833333333 0.06970931603773585 0.18737604166666666 0.3721709951714923 0.11593497337720747 2 0.34967205188679246 0.10907249999999999 2
1 0.4423948113207547 0.10437500000000001 0.09186509433962264 0.20875000000000002 0.4421528524379885 0.1055854201400238 2 0.43927924528301887 0.16239020833333334 2
1 0.5905035377358491 0.11558687499999999 0.08927806603773586 0.16631729166666667 0.5713317216981132 0.12073583333333333 2 0.6128340801886792 0.065751875 2
1 0.8746780660377358 0.6921702083333333 0.12375695754716981 0.14982625 0.8750040233058136 0.6930389638327549 2 0.8514720518867925 0.6605777083333333 2
1 0.855221816037736 0.3457635416666667 0.11314127358490565 0.16347291666666666 0.8555198131861429 0.34671142626873497 2 0.8184589622641509 0.3173447916666667 2
1 0.8753852594339622 0.18766083333333333 0.11762558962264151 0.15051166666666665 0.8844852594339623 0.1790520833333333 2 0.8599612028301887 0.19571395833333333 2
1 0.2991364386792453 0.3113958333333333 0.08380247641509433 0.194708125 0.2993571618354364 0.3125248327868724 2 0.2911916273584906 0.242366875 2
1 0.19266014150943395 0.30368833333333334 0.09156639150943396 0.18929 0.19290131365373775 0.30478591622341766 2 0.16385507075471697 0.22737125 2
1 0.2760109669811321 0.07569374999999999 0.10357783018867925 0.15138749999999998 0.27138372641509434 0.057421041666666665 2 0.23554091981132075 0 2
1 0.19112841981132075 0.08605791666666666 0.1219244103773585 0.15058020833333333 0.19450978773584907 0.07616604166666667 2 0.13885908018867923 0.03784395833333333 2
1 0.8874133254716982 0.4959489583333333 0.14073926886792454 0.14643541666666668 0.887784011601195 0.4967980523575063 2 0.8359083726415094 0.47105041666666664 2
1 0.7039279481132075 0.076425625 0.10549752358490566 0.12714875 0.7036500834560742 0.07716288683367113 2 0.668012853773585 0.05617208333333333 2
1 0.16282865566037735 0.4788675 0.11585200471698114 0.13893145833333334 0.1631337924680958 0.4796730829233511 2 0.1322563679245283 0.5043739583333333 2
0 0.6544304245283019 0.3672897916666667 0.01626061320754717 0.02164104166666667 0.654430370898311 0.3671984077992764 2 0 0 0
0 0.33597653301886793 0.7102833333333333 0.013817806603773583 0.025136875 0.33597648744562714 0.7101771875716373 2 0 0 0
0 0.007296108490566037 0.6714439583333333 0.014592334905660377 0.02609458333333333 0.007296060362812389 0.6713337684460041 2 0 0 0