1 0.7068757075471699 0.5980177083333333 0.11375141509433963 0.15479791666666667 0.7065761033775213 0.5989152916433551 2 0.6948955188679244 0.63725125 2
1 0.7319906839622642 0.46241187499999997 0.13332099056603774 0.14684270833333332 0.7231924528301887 0.4656347916666667 2 0.7769567216981131 0.41731562499999997 2
1 0.6361271226415094 0.3266 0.11376356132075473 0.16846645833333335 0.6358274864805219 0.3275768392531025 2 0.6854630896226415 0.26402708333333336 2
1 0.7428483490566037 0.23286958333333332 0.09024658018867925 0.24759416666666667 0.7430860450158022 0.2343052382597321 2 0.7750702830188679 0.12740041666666665 2
1 0.6586576650943397 0.07312500000000001 0.09353360849056605 0.14625000000000002 0.6552795990566038 0.037426875 2 0.6562228773584905 0 2
1 0.4079720518867925 0.26744958333333335 0.09962181603773584 0.2701010416666667 0.40823444081134436 0.2690157425700985 2 0.3685367924528302 0.14406229166666668 2
1 0.43556344339622644 0.15725479166666664 0.08689186320754716 0.23632375 0.43579230353395665 0.15862509598554547 2 0.4015498820754717 0.062419583333333334 2
1 0.3687079009433963 0.07746854166666667 0.12862193396226415 0.15006291666666666 0.36904667182981893 0.07833866945878185 2 0.31948856132075476 0.049089999999999995 2
1 0.27402193396226415 0.23890125 0.11280507075471698 0.12303083333333334 0.2743190456028321 0.23961463442400277 2 0.2657242924528302 0.22070645833333333 2
1 0.2875808962264151 0.3865922916666667 0.08332877358490566 0.18181541666666667 0.2878003717203861 0.38764653378451175 2 0.2694972877358491 0.44897291666666667 2
1 0.2921806603773585 0.7015427083333333 0.1095066037735849 0.13524791666666666 0.29246908435052316 0.7023269325356307 2 0.312885966981132 0.707230625 2
1 0.20892299528301886 0.543211875 0.12492146226415095 0.14809041666666667 0.20859397088414094 0.5423531845910042 2 0.2506326650943396 0.5739362499999999 2
1 0.042570754716981137 0.7119558333333333 0.08514150943396227 0.10608854166666666 0.019540448113207546 0.7138954166666667 2 0 0.7155614583333333 2
1 0.08948679245283019 0.46678833333333336 0.13046037735849056 0.1755897916666667 0.08983040552347288 0.467806476663709 2 0.10254492924528302 0.52061875 2
1 0.22119563679245285 0.06791666666666667 0.09581627358490566 0.13583333333333333 0.21196002358490565 0.03242833333333333 2 0.20064127358490566 0 2
1 0.09078490566037736 0.24619416666666666 0.15380754716981132 0.15427833333333335 0.09688561320754718 0.24403291666666668 2 0.03274575471698113 0.20071229166666665 2
1 0.9500000000000001 0.7650527083333334 0.09999999999999999 0.17093875 0.9797518867924528 0.7672131249999999 2 0.9495683962264151 0.765546875 2
0 0.2091683962264151 0.6063283333333334 0.01568125 0.027513333333333334 0.2091683445072528 0.6062121524745963 2 0 0 0