1 0.7215051886792453 0.7194620833333333 0.07397075471698114 0.2077425 0.7217000165548095 0.720666661565376 2 0.739227358490566 0.795538125 2
1 0.6624233490566038 0.69384 0.08380896226415094 0.19648666666666664 0.6622026088176588 0.6949793121848119 2 0.666598466981132 0.7572160416666667 2
1 0.8805734669811321 0.71571 0.11668313679245283 0.17024729166666666 0.8808807783018868 0.7166972916666666 2 0.8420397405660378 0.7605483333333333 2
1 0.8367119103773585 0.38367833333333334 0.09498620283018867 0.20264645833333333 0.8363804245283019 0.3994047916666667 2 0.8061968160377359 0.352751875 2
1 0.6063029481132075 0.09725770833333333 0.07560165094339623 0.15631791666666667 0.5807641509433962 0.10740625 2 0.6147205188679246 0.04784104166666667 2
1 0.39983584905660374 0.2624460416666667 0.08334917452830189 0.17012041666666666 0.4000553782836004 0.2634324712645712 2 0.4072093160377358 0.19404770833333332 2
1 0.37600955188679247 0.13391854166666667 0.07937771226415094 0.14966291666666667 0.3789122641509434 0.12448520833333333 2 0.35344504716981134 0.08949562500000001 2
1 0.27579080188679245 0.102465 0.1031376179245283 0.15007020833333332 0.2760998820754717 0.07116750000000001 2 0.28553219339622643 0.09782645833333332 2
1 0.2755540094339623 0.2801470833333333 0.10643679245283018 0.15553708333333333 0.2758343479844447 0.2810489526420146 2 0.23742735849056604 0.33275770833333335 2
1 0.23086474056603773 0.16828875 0.10006285377358491 0.15175583333333334 0.2311282911178496 0.1691686940336899 2 0.24968938679245284 0.17405354166666667 2
1 0.12238856132075472 0.509690625 0.17173962264150944 0.12476770833333334 0.14687700471698112 0.5093725 2 0.04878066037735849 0.4727166666666667 2
1 0.15693290094339624 0.291396875 0.10311627358490566 0.18136895833333336 0.15720449374511242 0.29244852836499063 2 0.15913891509433964 0.20737708333333332 2
1 0.09573537735849057 0.36451354166666666 0.11324610849056604 0.19680625 0.09603365062631848 0.36565470692981666 2 0.07401202830188679 0.407735625 2
1 0.06271037735849057 0.49282645833333333 0.09428879716981133 0.17351375000000002 0.062462034805918484 0.493832563902536 2 0.024020636792452827 0.5460285416666667 2
1 0.7151385613207547 0.333684375 0.09377948113207547 0.19179791666666668 0.7238996462264151 0.3260929166666667 2 0.7040917452830189 0.33942229166666665 2
1 0.5178673349056604 0.24203229166666668 0.08030306603773585 0.20843520833333334 0.5180788411396753 0.24324088651244738 2 0.534309787735849 0.15114416666666666 2
0 0.6539957547169811 0.3661129166666666 0.01571073113207547 0.0245725 0.6539957029005856 0.3660091540975614 2 0 0 0
0 0.33621639150943394 0.7094285416666666 0.013909198113207547 0.029568958333333333 0.33621634563477 0.7093036804973745 2 0 0 0
0 0.007917570754716982 0.670713125 0.015835023584905662 0.028282916666666665 0.007917518528385894 0.6705936944131601 2 0 0 0