1 0.7080650943396227 0.7117520833333334 0.12443573113207547 0.16899583333333332 0.7052709905660377 0.7205602083333333 2 0.659995754716981 0.7622145833333334 2
1 0.7285806603773585 0.3715966666666667 0.08812169811320754 0.21180666666666664 0.7288127597158092 0.3728248106433117 2 0.7401705188679245 0.430645 2
1 0.6719735849056604 0.10229166666666667 0.10055106132075473 0.20458333333333334 0.6732010613207547 0.06908416666666667 2 0.6911224056603774 0 2
1 0.4644537735849057 0.6228054166666667 0.11637547169811321 0.15105583333333333 0.4647602891261554 0.6236813018064739 2 0.49304351415094344 0.6305866666666666 2
1 0.5081989386792453 0.404504375 0.09256426886792453 0.15432479166666668 0.5084427390828736 0.40539921493263864 2 0.5411483490566038 0.36233166666666666 2
1 0.4631553066037736 0.26119583333333335 0.08359504716981132 0.20760833333333334 0.4633754834224379 0.26239963361071506 2 0.4732356132075472 0.184050625 2
1 0.3809694575471698 0.23161812499999998 0.09466474056603774 0.22509708333333334 0.38121879027827255 0.23292333239222648 2 0.3374100235849056 0.14239604166666667 2
1 0.3657581367924528 0.09708333333333334 0.08499316037735849 0.19416666666666668 0.3657070754716981 0.08407979166666667 2 0.3336370283018868 0 2
1 0.27260672169811323 0.16683104166666668 0.10620165094339622 0.15883770833333333 0.27288644092112074 0.16775204938480748 2 0.23648408018867925 0.16072395833333333 2
1 0.2953639150943396 0.3661760416666667 0.1007814858490566 0.14764791666666666 0.29562935841527505 0.3670321662748865 2 0.30816981132075466 0.31401249999999997 2
1 0.2638819575471698 0.7338308333333334 0.12836804245283018 0.14983854166666666 0.2642200597214292 0.7346996601049987 2 0.29590778301886794 0.7855410416666667 2
1 0.20680129716981133 0.5038322916666667 0.12916474056603774 0.36014395833333335 0.20646109661219142 0.5017440257961299 2 0.15913891509433964 0.35733312500000003 2
1 0.043750000000000004 0.7384122916666667 0.08750000000000001 0.13234229166666667 0.024256603773584906 0.738888125 2 0 0.7372218749999999 2
1 0.06497641509433963 0.44096625 0.12995283018867926 0.2772341666666666 0.04500778301886793 0.4423083333333333 2 0.05821308962264151 0.45730375 2
1 0.17273349056603773 0.10854166666666668 0.1101933962264151 0.21708333333333335 0.16857122641509434 0.10907249999999999 2 0.1732875 0 2
0 0.5612576650943396 0.6264404166666666 0.013939858490566037 0.027071666666666667 0.5612576191185531 0.6263261008386762 2 0 0 0
0 0.029139386792452832 0.6519697916666666 0.019331839622641508 0.023454375000000003 0.02913932303308732 0.6518707506164374 2 0 0 0