1 0.7316475235849056 0.7209208333333332 0.11500672169811321 0.21732479166666666 0.7269653301886793 0.7222264583333333 2 0.7458299528301887 0.7522175 2
1 0.45018608490566037 0.70821125 0.11425047169811321 0.17191104166666668 0.4477683962264151 0.707230625 2 0.4043795990566038 0.6455820833333333 2
1 0.7015702830188679 0.5328195833333333 0.09606521226415095 0.16436083333333332 0.7013172616553215 0.5337726164490113 2 0.6750875 0.5855995833333334 2
1 0.5677455188679245 0.38597020833333334 0.08903714622641509 0.22055958333333334 0.5637859669811321 0.39565520833333334 2 0.5590698113207547 0.3056816666666667 2
1 0.7058145047169812 0.38055083333333334 0.1139875 0.173065 0.7055142787350934 0.38155433686163615 2 0.7439435141509434 0.3323404166666667 2
1 0.7507400943396226 0.09604166666666666 0.10714068396226414 0.19208333333333333 0.7552623820754717 0.094076875 2 0.7854457547169811 0.09241083333333333 2
1 0.6515745283018868 0.08979166666666667 0.09984716981132076 0.17958333333333334 0.6458471698113207 0.065751875 2 0.689235966981132 0 2
1 0.4447606132075472 0.23120229166666664 0.08264858490566038 0.23426229166666665 0.4449782971865354 0.23256064278466168 2 0.4156983490566038 0.13073291666666667 2
1 0.36670224056603773 0.095 0.10197299528301887 0.19 0.3685367924528302 0.094076875 2 0.3345804245283019 0 2
1 0.28180306603773586 0.09395833333333334 0.08309198113207547 0.18791666666666668 0.2820219178558946 0.0950479530601811 2 0.2581784198113208 0 2
1 0.3030281839622641 0.34284833333333337 0.09724540094339623 0.1776366666666667 0.3032843137658153 0.34387834530430356 2 0.32892087264150943 0.269025625 2
1 0.3095128537735849 0.60593625 0.08191757075471698 0.19729416666666666 0.3097286123709196 0.6070802444088266 2 0.3279777122641509 0.6739070833333333 2
1 0.2506742924528302 0.72987625 0.09817971698113208 0.19524729166666666 0.25440554245283015 0.7222264583333333 2 0.26761073113207545 0.8005366666666667 2
1 0.22272889150943395 0.5128302083333334 0.10454221698113207 0.27100604166666664 0.21384646226415094 0.49562604166666663 2 0.18932240566037736 0.38399208333333334 2
1 0.23428325471698114 0.3349358333333334 0.07671639150943396 0.21846166666666667 0.2344853141881319 0.33620256579396324 2 0.21384646226415094 0.23570208333333334 2
1 0.09762476415094339 0.31514666666666663 0.17314669811320754 0.21220666666666668 0.09808080658938305 0.3163771300112446 2 0.02237016509433962 0.23403583333333333 2
1 0.06202830188679245 0.4724225 0.1240566037735849 0.3101552083333334 0.047837500000000005 0.48896125 2 0 0.5972629166666666 2
1 0.06497641509433963 0.6546727083333334 0.12995283018867926 0.1381460416666667 0.0653186913618468 0.6554737370811078 2 0 0.69723375 2
0 0.6643020047169811 0.7449454166666667 0.014120400943396226 0.02346833333333333 0.6643020512882243 0.7450445166589054 2 0 0 0
0 0.5609591981132075 0.6253891666666667 0.014736438679245283 0.02783 0.5609591495101777 0.6252716486160736 2 0 0 0