1 0.7642969339622641 0.3884414583333333 0.18378254716981132 0.16771604166666665 0.7514895047169812 0.39065666666666665 2 0.8307209905660378 0.34400375 2
1 0.6631395047169811 0.4619960416666667 0.11758891509433962 0.15600791666666666 0.6634492162861734 0.4629006410646858 2 0.6939521226415094 0.5139539583333333 2
1 0.630241037735849 0.66405125 0.11027252358490566 0.17689749999999999 0.6305314790269423 0.6650769759723106 2 0.6694280660377357 0.7188939583333334 2
1 0.5584299528301887 0.7430008333333333 0.0817248820754717 0.21483166666666667 0.5586452039144371 0.7442465175299715 2 0.5628428066037736 0.8188645833333333 2
1 0.41764209905660377 0.6873779166666666 0.12273466981132075 0.130244375 0.41796536377208365 0.6881331282337316 2 0.3732529481132076 0.677239375 2
1 0.40206650943396227 0.58341375 0.12913290094339622 0.157660625 0.39872016509433966 0.592264375 2 0.36193408018867923 0.5272833333333333 2
1 0.4558364386792453 0.3397233333333334 0.10459752358490566 0.1713866666666667 0.4555609444871515 0.34071710518035075 2 0.49681639150943396 0.27902270833333337 2
1 0.40595908018867927 0.1930825 0.09682382075471699 0.231335 0.4057040607641266 0.19442387745193965 2 0.3807987028301887 0.269025625 2
1 0.7374160377358491 0.13284666666666667 0.10171886792452829 0.26569333333333334 0.7420570754716982 0.12740041666666665 2 0.7684675707547169 0.240700625 2
1 0.2905301886792453 0.263274375 0.11752452830188678 0.14511812500000001 0.3034536556603774 0.26569333333333334 2 0.30722665094339624 0.3106802083333333 2
1 0.2967706367924528 0.6792604166666667 0.09071108490566038 0.21731270833333335 0.29968066037735847 0.6889029166666667 2 0.31005625000000003 0.5872658333333334 2
1 0.2266198113207547 0.63905375 0.10477818396226415 0.1768877083333333 0.22689578134519137 0.6400794191961164 2 0.23365436320754718 0.6988997916666667 2
1 0.10139693396226415 0.7415408333333333 0.14673443396226415 0.18858499999999997 0.12612582547169812 0.7438866666666667 2 0.04123478773584906 0.8155322916666666 2
1 0.12698337264150944 0.46367083333333337 0.12622193396226414 0.26932520833333334 0.1273158222878266 0.4652324939627119 2 0.14404728773584907 0.563939375 2
1 0.18464351415094338 0.4282504166666667 0.1264676886792453 0.14849916666666668 0.1849766110783327 0.4291114771797689 2 0.13367169811320756 0.45730375 2
1 0.02252358490566038 0.7052922916666666 0.04504716981132076 0.13608208333333333 0.005391981132075472 0.7022320833333333 2 0 0.6988997916666667 2
0 0.7372608490566037 0.74088875 0.01460884433962264 0.026510208333333334 0.7372608008743994 0.7407768050483596 2 0 0 0
0 0.660715212264151 0.7636335416666667 0.01842323113207547 0.02328375 0.6607151515015153 0.763535221116523 2 0 0 0
0 0.5604389150943396 0.6262454166666667 0.014508136792452829 0.02821166666666667 0.560438962944395 0.6263645463853389 2 0 0 0