1 0.48060672169811325 0.6559289583333333 0.08642806603773584 0.19730875 0.48083436026364745 0.6570730373024491 2 0.4694626179245283 0.7322233333333333 2
1 0.5443982311320754 0.5382377083333334 0.08384492924528301 0.19519125 0.5446190661026553 0.5393695091484539 2 0.5656725235849056 0.5989289583333334 2
1 0.4357995283018868 0.5165737499999999 0.0911367924528302 0.18851916666666665 0.4360395689466965 0.5176668632747968 2 0.46286002358490563 0.590598125 2
1 0.38108667452830186 0.39867625 0.07792099056603774 0.21598062499999998 0.38129190673273083 0.3999285963394248 2 0.3553314858490566 0.32067729166666664 2
1 0.7421428066037735 0.38159125 0.1341106132075472 0.15848416666666668 0.7373409198113207 0.385658125 2 0.7901619103773585 0.42897874999999996 2
1 0.6307130896226415 0.289938125 0.1187625 0.15845729166666667 0.6310258922384892 0.2908569269025962 2 0.581707429245283 0.3323404166666667 2
1 0.436036320754717 0.25202708333333335 0.11424811320754717 0.159279375 0.4363372331527128 0.2529506520202335 2 0.3940040094339623 0.2673595833333334 2
1 0.3857963443396227 0.21159229166666668 0.08244174528301887 0.16818458333333333 0.3874014150943396 0.214041875 2 0.38557920514518357 0.17646545619907555 2
1 0.572227358490566 0.12392020833333332 0.11309245283018868 0.1529927083333333 0.5751048349056603 0.122401875 2 0.5392619103773585 0.09241083333333333 2
1 0.29960801886792454 0.6153087500000001 0.08285931603773586 0.18271562500000002 0.2998262578811143 0.6163682119036984 2 0.29968066037735847 0.680571875 2
1 0.25362323113207547 0.6844614583333333 0.11350990566037736 0.144405625 0.2539221992020907 0.6852987827732505 2 0.2610081367924528 0.7338895833333333 2
1 0.1615323113207547 0.5769793750000001 0.12552040094339623 0.15937458333333332 0.16857122641509434 0.5806010416666666 2 0.1864926886792453 0.562273125 2
1 0.06497641509433963 0.7346627083333334 0.12995283018867926 0.131508125 0.05726981132075472 0.738888125 2 0 0.7472189583333333 2
1 0.13441285377358492 0.3924227083333333 0.14674021226415093 0.15348791666666667 0.1347993454881098 0.3933126957133747 2 0.06764540094339623 0.445640625 2
1 0.03761780660377358 0.35034625 0.07334905660377358 0.16264104166666668 0 0.34900229166666663 2 0.05161037735849056 0.2856875 2
0 0.045156957547169814 0.5924514583333333 0.016912853773584906 0.025161250000000003 0.04515690176598982 0.5923452096430536 2 0 0 0
0 0.3339073113207547 0.7287579166666667 0.01259375 0.027183333333333334 0.3339072697846399 0.7286431293026008 2 0 0 0