1 0.700164033018868 0.7305020833333333 0.10486049528301887 0.20649583333333332 0.7004402198389804 0.7316994328686516 2 0.7109304245283019 0.8072014583333333 2
1 0.6860054245283019 0.5932033333333333 0.10267110849056604 0.16474 0.6807469339622642 0.5939304166666666 2 0.6430176886792452 0.6389175 2
1 0.5744580188679246 0.4061485416666667 0.11070849056603772 0.14896375 0.5741664293051787 0.40528478730435064 2 0.6184935141509433 0.45730375 2
1 0.6587748820754717 0.31723 0.07678985849056603 0.21637333333333333 0.658977135047634 0.3184846234272131 2 0.6533931603773585 0.214041875 2
1 0.7244536556603773 0.3599310416666667 0.0893001179245283 0.20180479166666665 0.7231924528301887 0.3423375 2 0.7260220518867925 0.43231125 2
1 0.6963805424528302 0.097856875 0.13285542452830187 0.19571395833333333 0.6948955188679244 0.09907541666666667 2 0.6760307783018867 0.0240975 2
1 0.3873360849056604 0.13579583333333334 0.07721450471698114 0.18340854166666667 0.3875394563323048 0.13685931305877394 2 0.36476379716981133 0.06741812500000001 2
1 0.4782409198113207 0.098125 0.08808561320754718 0.19625 0.47800891551510044 0.09926293989211818 2 0.5015325471698113 0 2
1 0.3978333726415095 0.347846875 0.14348419811320753 0.16763958333333334 0.39872016509433966 0.34567000000000003 2 0.3458991745283019 0.3173447916666667 2
1 0.39794893867924525 0.6078085416666668 0.08900778301886793 0.16438270833333332 0.39818337183246366 0.6087617016227784 2 0.3675935141509434 0.5522760416666667 2
1 0.3244877358490566 0.713625625 0.07791120283018868 0.15274875000000002 0.32469294227405704 0.7145113263813819 2 0.29307806603773584 0.7505512499999999 2
1 0.26115931603773584 0.6098687500000001 0.11854504716981132 0.14807083333333332 0.26084708616003455 0.6090101731433928 2 0.2949645047169811 0.618923125 2
1 0.29430271226415095 0.49928375 0.10054551886792454 0.17726583333333332 0.2945675340834428 0.5003116117236157 2 0.2591216981132075 0.43897583333333334 2
1 0.31717712264150943 0.34972291666666666 0.0783814858490566 0.18472104166666667 0.31738356772145987 0.3507940068181374 2 0.29213490566037736 0.27735645833333333 2
1 0.25892900943396224 0.07833333333333334 0.11468915094339623 0.15666666666666668 0.26006497641509435 0.065751875 2 0.216676179245283 0.014100416666666667 2
1 0.09868349056603773 0.4761377083333333 0.11678384433962265 0.2610577083333333 0.09899108169958726 0.47765143052674713 2 0.06670212264150943 0.5855385416666666 2
1 0.09526462264150944 0.7096431249999999 0.13069716981132076 0.23154708333333335 0.09560885938796444 0.7109857322001457 2 0.04406450471698113 0.800475625 2
0 0.5619732311320754 0.63363625 0.013478537735849058 0.030206666666666666 0.5619731866777953 0.6335086959726345 2 0 0 0