1 0.6478104952830188 0.7423714583333333 0.10579563679245282 0.15359041666666667 0.6480891451256371 0.7432620400514075 2 0.6873495283018868 0.783875 2
1 0.7143137971698114 0.7257072916666666 0.1048629716981132 0.153585625 0.7145899905124298 0.7265978456006458 2 0.7477163915094339 0.7488852083333334 2
1 0.6647891509433963 0.5078256250000001 0.09070471698113207 0.19768187499999998 0.6650280535662059 0.5089718675045157 2 0.6939521226415094 0.5872658333333334 2
1 0.7257501179245283 0.5019929166666667 0.07491485849056603 0.1926810416666667 0.7259474324278581 0.5031101622400037 2 0.7335679245283019 0.5722702083333334 2
1 0.7213880896226416 0.3284772916666666 0.09071450471698113 0.20221208333333335 0.7216270180248796 0.3296498022210275 2 0.683576533018868 0.3989875 2
1 0.6967345518867925 0.06791666666666667 0.1264879716981132 0.13583333333333333 0.683576533018868 0.047423958333333335 2 0.7401705188679245 0 2
1 0.40596674528301885 0.110625 0.08429245283018869 0.22125 0.4006067216981132 0.07908125 2 0.3902310141509434 0 2
1 0.46787311320754715 0.434290625 0.11189528301886793 0.14058541666666666 0.456257429245283 0.42897874999999996 2 0.42607393867924526 0.45730375 2
1 0.38910790094339626 0.5586477083333333 0.14678431603773584 0.14603770833333335 0.38949450882064707 0.5594944962776187 2 0.3232615566037736 0.6005952083333334 2
1 0.4190561320754717 0.30785375 0.10103867924528302 0.18095916666666667 0.4193222528052451 0.30890302722086355 2 0.4477683962264151 0.2856875 2
1 0.2886424528301887 0.5686485416666667 0.09299799528301887 0.17603625 0.28888739560415444 0.5696692737498967 2 0.29590778301886794 0.622255625 2
1 0.22272806603773584 0.7209208333333332 0.08567594339622642 0.21732479166666666 0.2229537236250176 0.7221809737154161 2 0.21384646226415094 0.8105337499999999 2
1 0.23699740566037736 0.23578104166666666 0.12553337264150943 0.18343770833333334 0.2373280417394296 0.2368446905126857 2 0.18177653301886793 0.16405645833333335 2
1 0.20610341981132074 0.06375 0.11656662735849056 0.1275 0.2044141509433962 0.015766458333333334 2 0.22988148584905663 0.07408270833333333 2
1 0.15964658018867925 0.4351247916666667 0.14815955188679247 0.15558354166666666 0.15725247641509435 0.4356435416666667 2 0.09311261792452831 0.430645 2
1 0.053183962264150945 0.4461672916666667 0.10636792452830189 0.18766541666666667 0.04972393867924528 0.447306875 2 0 0.40565229166666666 2
1 0.06497641509433963 0.2916066666666667 0.12995283018867926 0.18845333333333333 0.06198596698113208 0.299016875 2 0 0.21570791666666667 2