1 0.7374148584905661 0.5615641666666666 0.1300183962264151 0.148538125 0.7288517688679245 0.5672716666666666 2 0.7863890330188679 0.532281875 2
1 0.49758738207547165 0.5567741666666667 0.10907040094339622 0.16228479166666665 0.4978746571557929 0.5577151620211716 2 0.467576179245283 0.5089554166666667 2
1 0.41245306603773585 0.6457220833333334 0.10481084905660377 0.19688916666666667 0.40343632075471697 0.6422497916666666 2 0.45059799528301886 0.7155614583333333 2
1 0.6295326650943396 0.2949427083333333 0.08810448113207546 0.23178125 0.6316988207547171 0.3106802083333333 2 0.5986856132075472 0.19238145833333334 2
1 0.5625569575471698 0.38346854166666666 0.08054646226415094 0.19222958333333334 0.5627691048503463 0.3845831694950501 2 0.5420916273584906 0.43730979166666667 2
1 0.46244033018867925 0.394925625 0.08950330188679245 0.231805625 0.4600303066037736 0.388990625 2 0.4336198113207547 0.48729520833333334 2
1 0.7331719339622641 0.29160916666666664 0.08379669811320756 0.221781875 0.7329512260252536 0.29289515108914443 2 0.7279086084905659 0.39065666666666665 2
1 0.73175625 0.07312500000000001 0.09983325471698114 0.14625000000000002 0.7260220518867925 0.04242541666666667 2 0.7109304245283019 0 2
1 0.4377945754716981 0.23244645833333333 0.1274760613207547 0.15677395833333332 0.4373926886792453 0.21904020833333335 2 0.4826679245283019 0.169055 2
1 0.40348136792452827 0.13722416666666665 0.1319627358490566 0.22361479166666667 0.4043795990566038 0.17405354166666667 2 0.3525017688679245 0.062419583333333334 2
1 0.297367570754717 0.09708333333333334 0.08026474056603773 0.19416666666666668 0.2975789760451865 0.09820919318413392 2 0.2779864386792453 0 2
1 0.2980752358490566 0.6263500000000001 0.08356650943396227 0.19813333333333333 0.2982953375036041 0.6274988602494693 2 0.266667570754717 0.7022320833333333 2
1 0.2288504716981132 0.3717783333333333 0.12468219339622642 0.151056875 0.23459764150943394 0.387324375 2 0.2770430424528302 0.415649375 2
1 0.12014469339622641 0.48470520833333336 0.13518219339622642 0.21475604166666665 0.12050074302224774 0.4859504540244716 2 0.06009952830188679 0.5656054166666666 2
1 0.20445271226415093 0.12413020833333334 0.11137841981132075 0.17007416666666667 0.2204490566037736 0.11906958333333333 2 0.15253632075471696 0.05408875 2
1 0.06910377358490566 0.259946875 0.13820754716981132 0.21843979166666666 0.07990742924528302 0.273963125 2 0 0.1623291666666667 2
1 0.02724056603773585 0.51904 0.0544811320754717 0.15025333333333332 0.00652747641509434 0.49723124999999996 2 0 0.49389875 2
1 0.02829009433962264 0.32698666666666665 0.05658018867924528 0.17602645833333333 0.00652747641509434 0.3306133333333333 2 0 0.31228541666666665 2
0 0.31969186320754717 0.6980360416666667 0.0184 0.026667916666666666 0.31969180252153134 0.6979234307582928 2 0 0 0