1 0.7195010613207546 0.7404966666666667 0.10014599056603773 0.15317333333333333 0.719764830842411 0.741384829960469 2 0.7599785377358491 0.6905689583333333 2
1 0.7246897405660376 0.5594845833333333 0.09354504716981132 0.19436416666666664 0.7249361241926395 0.5606115883720508 2 0.7382840801886792 0.6422497916666666 2
1 0.7403727594339623 0.380761875 0.10227334905660378 0.21014291666666668 0.7406421320988725 0.38198037185564876 2 0.7788431603773585 0.45563770833333334 2
1 0.5201081367924528 0.38472 0.08997228773584905 0.214726875 0.5175675707547169 0.39565520833333334 2 0.5005893867924528 0.300683125 2
1 0.7561639150943396 0.10125 0.11327134433962265 0.2025 0.7571488207547169 0.10074166666666667 2 0.7995942216981131 0.020765 2
1 0.6815320754716981 0.08875000000000001 0.07136969339622642 0.17750000000000002 0.6817200525417884 0.08977921952025976 2 0.6543364386792453 0 2
1 0.6287069575471699 0.12208333333333334 0.08268030660377358 0.24416666666666667 0.6307555424528303 0.112405 2 0.6383015330188679 0 2
1 0.42977712264150947 0.22286645833333332 0.1171004716981132 0.190931875 0.43927924528301887 0.2290375 2 0.4713491745283019 0.14073 2
1 0.40206686320754714 0.08041666666666666 0.11969988207547169 0.16083333333333333 0.4017515916678788 0.0813492458563856 2 0.4524845518867925 0.035760625 2
1 0.30821556603773587 0.11808875 0.0774366745283019 0.16465604166666664 0.30841952262634753 0.1190434948575326 2 0.29307806603773584 0.09740916666666667 2
1 0.17072900943396227 0.36159479166666664 0.1118438679245283 0.1651439583333333 0.17102358941041368 0.3625523656698758 2 0.1251825471698113 0.4206479166666667 2
1 0.06438679245283019 0.47283708333333335 0.12877358490566038 0.284325625 0.047837500000000005 0.47563187500000004 2 0 0.592264375 2
1 0.08653950471698113 0.34909833333333334 0.1434304245283019 0.19013666666666668 0.10254492924528302 0.3606654166666667 2 0.023313443396226416 0.2673595833333334 2
1 0.03372641509433962 0.70487875 0.06745283018867924 0.17857583333333332 0.013881014150943397 0.692235 2 0 0.7438866666666667 2
0 0.6607068396226415 0.7594247916666668 0.015670990566037737 0.02373833333333333 0.6607067879373165 0.7593245515424244 2 0 0 0
0 0.5607728773584906 0.6259872916666667 0.016407665094339625 0.026289375 0.5607728232435002 0.6258762792303998 2 0 0 0
0 0.08867464622641509 0.6403729166666667 0.020132900943396228 0.024975833333333333 0.08867457982502676 0.640267450937408 2 0 0 0