1 0.6439182783018867 0.31514895833333334 0.09235200471698113 0.24553520833333334 0.6430176886792452 0.330674375 2 0.6439607311320755 0.21904020833333335 2
1 0.7061766509433962 0.7196695833333333 0.08104292452830189 0.19482770833333335 0.706390105853729 0.720799276181244 2 0.7081007075471698 0.7872072916666667 2
1 0.633888679245283 0.6986325 0.06919245283018867 0.21606854166666667 0.6337064367003534 0.6998853561171683 2 0.6260393867924529 0.7805427083333334 2
1 0.48308408018867927 0.694878125 0.11213372641509434 0.14857729166666667 0.48337942360892877 0.6957396385146516 2 0.44116568396226413 0.7022320833333333 2
1 0.38272983490566037 0.6159077083333333 0.0998935141509434 0.17264875 0.38457169811320757 0.6105922916666666 2 0.33929658018867925 0.5955966666666667 2
1 0.5158632075471699 0.4313766666666667 0.08902818396226415 0.17141333333333333 0.5147378537735849 0.4356435416666667 2 0.5402051886792453 0.39065666666666665 2
1 0.41363313679245284 0.473451875 0.12603561320754716 0.14559625 0.41664162735849053 0.4822964583333333 2 0.36476379716981133 0.5072891666666667 2
1 0.38261096698113206 0.3590966666666667 0.12088242924528303 0.18680666666666665 0.38229258078954853 0.3601798501475004 2 0.3345804245283019 0.4089847916666667 2
1 0.3935871462264151 0.10229166666666667 0.11424068396226414 0.20458333333333334 0.39966344339622645 0.095743125 2 0.3458991745283019 0 2
1 0.5804816037735849 0.117048125 0.12016874999999999 0.179236875 0.5807981102410569 0.11808741565070625 2 0.5307727594339623 0.06908416666666667 2
1 0.2946558962264151 0.73487125 0.08804658018867924 0.13525749999999997 0.29488779771551693 0.7356555297704875 2 0.3223182783018868 0.6872364583333332 2
1 0.20432476415094342 0.722144375 0.11336662735849057 0.14345520833333333 0.20402617345448992 0.7213125614749318 2 0.15913891509433964 0.6739070833333333 2
1 0.22920495283018869 0.5994483333333334 0.1088816037735849 0.218896875 0.2393137971698113 0.5756025 2 0.2393137971698113 0.6822379166666667 2
1 0.1721442216981132 0.08875000000000001 0.11844728773584905 0.17750000000000002 0.17245619409212504 0.08977921952025976 2 0.1270691037735849 0.014039375 2
1 0.06556603773584906 0.47509979166666666 0.1311320754716981 0.30896708333333334 0.04878066037735849 0.47390458333333335 2 0.009164858490566037 0.5855385416666666 2
1 0.09585259433962265 0.5648989583333334 0.09414375 0.1752020833333333 0.08839646226415095 0.5522760416666667 2 0.09782877358490566 0.622255625 2
1 0.059080188679245284 0.7061302083333333 0.11816037735849057 0.20107270833333332 0.04217806603773585 0.7188939583333334 2 0.006335259433962264 0.6289202083333334 2
0 0.5619728773584906 0.6316681249999999 0.015319339622641509 0.02926625 0.5619728268329641 0.6315445420805544 2 0 0 0