1 0.5445170990566037 0.7015452083333333 0.10483372641509434 0.16857625 0.5420916273584906 0.7022320833333333 2 0.5034189858490565 0.6439158333333334 2
1 0.6317742924528302 0.6286370833333332 0.11899846698113208 0.1393925 0.6320877165703214 0.6294453395698281 2 0.5864235849056604 0.6789056250000001 2
1 0.6756379716981132 0.4644952083333333 0.10674292452830189 0.151009375 0.6759191165545761 0.4653708240882191 2 0.6345284198113208 0.430645 2
1 0.6090064858490566 0.36990125 0.12084316037735848 0.1848025 0.6086882030857825 0.3688296875189138 2 0.5647292452830188 0.43897583333333334 2
1 0.462213679245283 0.46366229166666667 0.12321403301886792 0.152675625 0.5090785377358491 0.505623125 2 0.4600303066037736 0.4656347916666667 2
1 0.3938137971698113 0.597193125 0.09847676886792453 0.27311375000000004 0.3789122641509434 0.6005952083333334 2 0.43644952830188677 0.473965625 2
1 0.3987748820754717 0.24494749999999998 0.10386521226415094 0.198438125 0.3990484474693611 0.24609812755951405 2 0.36004764150943397 0.15739166666666668 2
1 0.43226214622641507 0.13829624999999998 0.09349445754716981 0.19507416666666666 0.4307900943396226 0.14073 2 0.3977770047169812 0.06741812500000001 2
1 0.37612641509433964 0.06479166666666666 0.10555459905660378 0.12958333333333333 0.38362841981132073 0.02909583333333333 2 0.33835330188679247 0.10407395833333334 2
1 0.3010233490566038 0.27536083333333333 0.0894627358490566 0.21261166666666667 0.30722665094339624 0.2956845833333333 2 0.31382924528301887 0.19071520833333333 2
1 0.2657672169811321 0.09496833333333334 0.09629563679245283 0.18173 0.2660208452483325 0.09602208016948435 2 0.23271120283018867 0.05908708333333333 2
1 0.25928301886792454 0.445331875 0.12105648584905661 0.156003125 0.26006497641509435 0.43730979166666667 2 0.3062833726415094 0.4506391666666667 2
1 0.15304198113207546 0.6294725 0.11419917452830189 0.17105479166666668 0.15334276463292876 0.6304643474964354 2 0.14782016509433962 0.6689085416666667 2
1 0.17131002358490569 0.098125 0.08507299528301887 0.19625 0.17108595407253838 0.09926293989211818 2 0.15536603773584906 0 2
1 0.21506497641509434 0.231820625 0.11751143867924528 0.14552541666666666 0.22893820754716981 0.21237562499999998 2 0.17045778301886794 0.20237854166666666 2
1 0.5370803066037736 0.2555716666666667 0.0854813679245283 0.206356875 0.5368551614991065 0.25676821046322895 2 0.5364321933962264 0.17072125000000002 2
0 0.32521202830188684 0.702519375 0.017987382075471698 0.026330625 0.32521196897674803 0.702408188376899 2 0 0 0
0 0.06027323113207547 0.5901552083333333 0.01865318396226415 0.021779791666666666 0.06027316961102019 0.5900632385647745 2 0 0 0