1 0.5892058962264151 0.65301625 0.08856922169811321 0.24480083333333333 0.5894391742748796 0.654435708007 2 0.6043450471698113 0.5522760416666667 2
1 0.37896497641509436 0.6738445833333333 0.09631521226415093 0.219810625 0.3789122641509434 0.6572452083333334 2 0.3732529481132076 0.738888125 2
1 0.5165716981132076 0.6855054166666666 0.11119622641509433 0.163155625 0.5090785377358491 0.6889029166666667 2 0.5543536556603774 0.740554375 2
1 0.6686804245283019 0.578443125 0.09471450471698113 0.23561375 0.6689298883307159 0.5798093124407977 2 0.6477338443396226 0.6689085416666667 2
1 0.7157281839622641 0.38513458333333334 0.0926002358490566 0.18889729166666666 0.7156465801886792 0.40065375 2 0.7147033018867924 0.4506391666666667 2
1 0.5887367924528302 0.45053895833333335 0.14611132075471697 0.149755625 0.5891216277614253 0.4514073043193542 2 0.6430176886792452 0.45563770833333334 2
1 0.6259957547169811 0.30202333333333337 0.09989540094339622 0.20928666666666668 0.6269826650943395 0.3173447916666667 2 0.6100043632075471 0.23570208333333334 2
1 0.5587836084905661 0.23078375 0.07865919811320755 0.21009895833333334 0.5589907850229755 0.23200199196677695 2 0.5458645047169811 0.14739458333333333 2
1 0.43744056603773585 0.272649375 0.13007051886792453 0.16053562500000002 0.43709797979589565 0.2735802279518147 2 0.4864409198113207 0.23403583333333333 2
1 0.38438879716981134 0.1589222916666667 0.09018455188679246 0.249655625 0.3846263297557642 0.16036989979394922 2 0.3807987028301887 0.2523639583333333 2
1 0.27402193396226415 0.10975645833333333 0.11280507075471698 0.16465354166666665 0.2743190456028321 0.11071118869481637 2 0.28553219339622643 0.13573145833333333 2
1 0.29878325471698114 0.3003558333333334 0.09630129716981133 0.19595479166666668 0.2990368978927667 0.3014920614835968 2 0.31005625000000003 0.23070354166666668 2
1 0.27508325471698114 0.48574333333333336 0.11304103773584906 0.16684666666666667 0.27538098785919274 0.48671078035431137 2 0.2940213443396226 0.4206479166666667 2
1 0.19796757075471696 0.6623827083333332 0.12104587264150944 0.14690125 0.20913030660377357 0.6539129166666666 2 0.16574162735849057 0.6689085416666667 2
1 0.21388537735849056 0.32139666666666666 0.10571981132075473 0.22470666666666667 0.21416382748818677 0.3226996102591502 2 0.2279950471698113 0.388990625 2
1 0.22544091981132075 0.10958333333333334 0.10619351415094339 0.21916666666666668 0.22705176886792452 0.11573729166666666 2 0.1836630896226415 0.02243125 2