1 0.7210334905660378 0.7111275 0.07491403301886793 0.1744116666666667 0.7212308028951989 0.7121388120670106 2 0.7448866745283019 0.7672131249999999 2
1 0.7585212264150943 0.5500875 0.13685377358490566 0.124341875 0.7581607740975195 0.549366513605996 2 0.8118563679245283 0.5589408333333333 2
1 0.7298681603773585 0.29681625 0.1319063679245283 0.22219895833333334 0.7295207387843997 0.2981046528467496 2 0.7788431603773585 0.214041875 2
1 0.6000551886792452 0.34243 0.11404056603773585 0.15347333333333332 0.6003555544291187 0.3433199028197521 2 0.5552968160377358 0.3356727083333333 2
1 0.445939858490566 0.22745145833333333 0.08500707547169811 0.21676375 0.44616375438003536 0.22870834556028943 2 0.46474646226415095 0.28068895833333335 2
1 0.6150305424528302 0.13183645833333332 0.11946721698113208 0.16216041666666667 0.6153452011875296 0.13277673250937158 2 0.5637859669811321 0.18738291666666665 2
1 0.6817603773584905 0.21932312499999998 0.10361509433962264 0.15385395833333335 0.6814874707377077 0.22021523484330083 2 0.636414858490566 0.24569916666666666 2
1 0.8324636792452831 0.8023625 0.09969528301886793 0.15027520833333333 0.8327262616708464 0.8032338587483255 2 0.7958213443396226 0.7622145833333334 2
1 0.8226760613207547 0.6536358333333333 0.08389304245283019 0.17272833333333332 0.8228970230143082 0.6546373847269592 2 0.8052536556603773 0.710563125 2
1 0.9079295990566038 0.746338125 0.11857464622641509 0.27482395833333334 0.9082419068937816 0.7479316696904322 2 0.9005201650943396 0.852188125 2
1 0.8926010613207547 0.48220229166666667 0.12564681603773586 0.16976187499999998 0.8929319961927011 0.48318664228946046 2 0.8467558962264151 0.4206479166666667 2
1 0.9317216981132076 0.23057645833333332 0.1365566037735849 0.22301374999999998 0.9313620284963534 0.2318695856842422 2 0.9797518867924528 0.154059375 2
1 0.9175707547169811 0.14579520833333334 0.16485849056603774 0.19674270833333332 0.9335333726415095 0.13239895833333332 2 0.8429830188679246 0.22070645833333333 2
1 0.13959893867924528 0.58572625 0.10429150943396226 0.16020645833333333 0.13987362687595417 0.5866551943052865 2 0.1280122641509434 0.6305866666666666 2
1 0.026650943396226416 0.6611347916666667 0.05330188679245283 0.17439708333333334 0.011994575471698113 0.6522466666666666 2 0 0.6522466666666666 2
1 0.0732311320754717 0.39534041666666664 0.1464622641509434 0.17265270833333332 0.07361689171634639 0.39634152955479274 2 0 0.4656347916666667 2
0 0.33738573113207543 0.7098620833333332 0.013432193396226415 0.029395208333333332 0.33738568683064607 0.709737955860099 2 0 0 0