1 0.34040801886792454 0.5776074999999999 0.11918396226415094 0.20395145833333334 0.3407219315521751 0.578790096180857 2 0.2940213443396226 0.51562 2
1 0.47235530660377356 0.43470895833333334 0.14538372641509434 0.16474875000000003 0.4727382255379853 0.4356642407527046 2 0.4204146226415094 0.4523054166666666 2
1 0.3637544811320755 0.42492291666666665 0.10550990566037735 0.22182083333333333 0.3640323784017389 0.42620912698591706 2 0.32703443396226417 0.35066854166666667 2
1 0.4330873820754717 0.30494458333333335 0.08948549528301887 0.27844416666666666 0.433323073451158 0.30655911951156317 2 0.3949472877358491 0.18904916666666666 2
1 0.45584587264150944 0.27514979166666664 0.11236485849056603 0.17553375000000002 0.4561418248289861 0.27616761004393087 2 0.4128686320754717 0.214041875 2
1 0.3662313679245283 0.25973583333333333 0.12178254716981132 0.18136166666666667 0.3732529481132076 0.272358125 2 0.3204318396226415 0.19571395833333333 2
1 0.42943125 0.20433104166666669 0.07085448113207547 0.2338377083333333 0.42701721698113204 0.21570791666666667 2 0.4128686320754717 0.112405 2
1 0.35255165094339624 0.10541666666666667 0.08310424528301887 0.21083333333333334 0.35277053506348943 0.10663916684800806 2 0.32420471698113207 0 2
1 0.40962169811320753 0.09291666666666668 0.0727376179245283 0.18583333333333335 0.4098132780913767 0.09399420635219684 2 0.3977770047169812 0 2
1 0.16153384433962265 0.677381875 0.16325294811320756 0.16690291666666665 0.17894693396226416 0.6672425000000001 2 0.09028301886792453 0.7305572916666667 2
1 0.1281617924528302 0.08354166666666667 0.10971415094339622 0.16708333333333333 0.12845076307411718 0.08451048598033842 2 0.07896415094339623 0 2
1 0.060849056603773585 0.43822312500000005 0.12169811320754717 0.21188729166666667 0.06116959118459699 0.439451736474244 2 0 0.4439133333333333 2
1 0.06851415094339623 0.6932154166666666 0.13702830188679246 0.20190229166666668 0.06887506294234662 0.6943861309188837 2 0 0.7505512499999999 2
0 0.7002797169811321 0.737679375 0.016803419811320754 0.032928958333333334 0.7002796615608821 0.7375403255213298 2 0 0 0
0 0.7086518867924527 0.6516072916666666 0.01824009433962264 0.025877083333333332 0.7086518266338303 0.651498020219007 2 0 0 0