1 0.7303498820754717 0.5305289583333334 0.10109257075471698 0.1731089583333333 0.7306161447473996 0.531532716750508 2 0.7062142688679245 0.4539714583333333 2
1 0.5414509433962265 0.43741916666666664 0.09681497641509434 0.19682812500000002 0.5417059395261148 0.43856045877025046 2 0.5722751179245283 0.52061875 2
1 0.6514658018867925 0.3944816666666667 0.1131063679245283 0.17562979166666667 0.6517637070989243 0.39346329139949776 2 0.6081179245283018 0.4623025 2
1 0.7039254716981133 0.11222895833333334 0.1668133254716981 0.20695791666666666 0.683576533018868 0.11573729166666666 2 0.7731837264150944 0.13239895833333332 2
1 0.6678433962264151 0.2576525 0.1748378537735849 0.17719500000000002 0.65245 0.28068895833333335 2 0.7411137971698114 0.19071520833333333 2
1 0.5737589622641509 0.2507829166666667 0.08408584905660377 0.23676770833333333 0.5739804317813864 0.25215579524235027 2 0.5439780660377359 0.14572854166666668 2
1 0.43142841981132074 0.23640687500000002 0.10059268867924528 0.19468625 0.4251307783018868 0.2573622916666667 2 0.4694626179245283 0.15739166666666668 2
1 0.36292877358490566 0.366596875 0.10008573113207546 0.20513958333333332 0.3631923843922492 0.3677863604284204 2 0.3279777122641509 0.43730979166666667 2
1 0.3952364386792453 0.08875000000000001 0.07792334905660377 0.17750000000000002 0.39544167709558475 0.08977921952025976 2 0.39872016509433966 0.009101666666666668 2
1 0.25892936320754717 0.5513560416666666 0.12412228773584906 0.131454375 0.2647811320754717 0.5422789583333334 2 0.27044044811320755 0.447306875 2
1 0.2746022405660377 0.40197937499999997 0.10297806603773585 0.19062541666666669 0.27433101178227576 0.4008740488034311 2 0.23837051886792454 0.472299375 2
1 0.22178691037735848 0.24994854166666666 0.13472818396226416 0.22176958333333333 0.2221417642106122 0.2512344548169007 2 0.1629119103773585 0.15739166666666668 2
1 0.07087264150943397 0.294524375 0.14174528301886793 0.20761812500000001 0.0827370283018868 0.3090139583333333 2 0 0.20737708333333332 2
1 0.03136792452830189 0.6780089583333333 0.06273584905660377 0.194815625 0.011051415094339623 0.6555791666666667 2 0.008221698113207547 0.735555625 2
0 0.5946446933962264 0.380415 0.014473938679245282 0.028909166666666666 0.5946446456589616 0.38029292494031847 2 0 0 0
0 0.3194575471698113 0.6953541666666666 0.01841544811320755 0.024417708333333333 0.3194574864328452 0.6952510577380543 2 0 0 0