1 0.67551875 0.5590662500000001 0.07632099056603774 0.17020104166666666 0.6757197680443585 0.5600531470955036 2 0.6901792452830189 0.502290625 2
1 0.8502692216981131 0.7673689583333334 0.10889563679245284 0.17026208333333334 0.8571314858490565 0.7605483333333333 2 0.8476991745283018 0.8005366666666667 2
1 0.8635932783018868 0.22869916666666665 0.10347382075471698 0.18926812499999998 0.8638658128292319 0.22979662271631715 2 0.8590179245283018 0.2940183333333334 2
1 0.731883608490566 0.36930104166666666 0.11925165094339622 0.15389791666666666 0.7321976994566475 0.3701934063988393 2 0.7797864386792454 0.36399791666666664 2
1 0.6058240566037736 0.2939022916666667 0.09325188679245283 0.24636208333333334 0.6062314858490566 0.30234916666666667 2 0.6316988207547171 0.214041875 2
1 0.3965262971698113 0.1507975 0.08739233490566038 0.23673833333333333 0.3958905660377358 0.11573729166666666 2 0.40343632075471697 0.040759166666666666 2
1 0.6567622641509434 0.06270833333333334 0.11022264150943396 0.12541666666666668 0.6581093160377358 0.02909583333333333 2 0.6741442216981133 0 2
1 0.6770425707547171 0.234945625 0.13191533018867924 0.15177541666666666 0.6769739386792453 0.240700625 2 0.7288517688679245 0.184050625 2
1 0.3105740566037736 0.6663433333333334 0.08215365566037737 0.18148125 0.3034536556603774 0.6539129166666666 2 0.3015672169811321 0.5889320833333334 2
1 0.15256049528301885 0.678843125 0.11125318396226415 0.20981375 0.1610254716981132 0.6639102083333334 2 0.10914764150943396 0.7522175 2
1 0.27979811320754716 0.45116833333333334 0.07530931603773584 0.21099666666666667 0.2799964666529049 0.452391780589914 2 0.255348820754717 0.355666875 2
1 0.22578608490566038 0.3678470833333333 0.09496839622641509 0.21097229166666667 0.22988148584905663 0.37232875000000004 2 0.23365436320754718 0.2890197916666667 2
1 0.2567971698113208 0.20494958333333332 0.10274528301886793 0.14510104166666665 0.25652655414312325 0.20579094009104237 2 0.2581784198113208 0.14073 2
1 0.28203938679245283 0.06479166666666666 0.09677016509433962 0.12958333333333333 0.28553219339622643 0.049089999999999995 2 0.2977942216981132 0 2
1 0.20302712264150943 0.07520833333333334 0.1272807783018868 0.15041666666666667 0.21384646226415094 0.064085625 2 0.2619514150943396 0.027429791666666665 2