1 0.711248820754717 0.71591875 0.12514375 0.17732916666666665 0.7115784306261578 0.7169469789568718 2 0.6750875 0.7755439583333333 2
1 0.4690518867924528 0.7138341666666667 0.10482063679245283 0.15649833333333335 0.46932796863127807 0.7147416097064119 2 0.4307900943396226 0.765546875 2
1 0.5793007075471698 0.517199375 0.08007771226415095 0.19976770833333332 0.5795116202331382 0.518357712041883 2 0.5685021226415095 0.5939304166666666 2
1 0.3975879716981132 0.6469710416666667 0.08904186320754716 0.18939020833333334 0.4006067216981132 0.6572452083333334 2 0.36382063679245286 0.710563125 2
1 0.6294056603773585 0.3216014583333333 0.12154728773584907 0.17846354166666664 0.6222665094339623 0.3106802083333333 2 0.6807469339622642 0.2523639583333333 2
1 0.48426332547169815 0.5101127083333333 0.11449221698113207 0.13894125 0.4845648808024287 0.5109183480328786 2 0.4373926886792453 0.5006245833333334 2
1 0.38355625 0.49428770833333335 0.07560306603773585 0.22059125 0.38335712286119183 0.49556678901219814 2 0.3553314858490566 0.5839335416666667 2
1 0.44168596698113205 0.27410562499999996 0.12346627358490565 0.140121875 0.44136077533102097 0.2749181104589599 2 0.48738408018867924 0.27069187499999997 2
1 0.6715106132075472 0.10229166666666667 0.09848820754716982 0.20458333333333334 0.6732010613207547 0.07241666666666666 2 0.6873495283018868 0 2
1 0.3138758254716981 0.11496479166666668 0.08498419811320754 0.17507020833333334 0.3062833726415094 0.10740625 2 0.29590778301886794 0.10240770833333333 2
1 0.2920634433962264 0.2559839583333333 0.1262504716981132 0.14719895833333335 0.2923959682066604 0.2568374796926492 2 0.330807429245283 0.20737708333333332 2
1 0.2452496462264151 0.11375 0.08544398584905662 0.2275 0.24547469287230106 0.11506914051188223 2 0.25440554245283015 0.02909583333333333 2
1 0.27343231132075474 0.41991833333333334 0.11162582547169811 0.14849666666666667 0.27372631700608213 0.42077937935038595 2 0.2279950471698113 0.38399208333333334 2
1 0.2787385613207547 0.7427872916666666 0.1128058962264151 0.14442520833333333 0.2790356751354913 0.7436247296589722 2 0.28553219339622643 0.7672131249999999 2
1 0.2019670990566038 0.510753125 0.09921733490566038 0.350160625 0.2017057754746994 0.5127835033125429 2 0.2100735849056604 0.36233166666666666 2
1 0.08465306603773584 0.4745008333333333 0.14720330188679245 0.24766479166666666 0.08504077746088368 0.4759368977731328 2 0.02708632075471698 0.5672716666666666 2
1 0.08842676886792453 0.32826875 0.15852370283018868 0.19846250000000001 0.08884429652959495 0.32941951889599747 2 0.02142688679245283 0.25403 2
1 0.06025943396226415 0.5059495833333333 0.1205188679245283 0.180600625 0.06057686258784703 0.5069967815790861 2 0.013881014150943397 0.4356435416666667 2
0 0.5611742924528302 0.6266170833333333 0.012631603773584906 0.026010416666666664 0.5611742507918679 0.6265072488575237 2 0 0 0