1 0.7218595518867924 0.6898856250000001 0.08977134433962264 0.24189541666666667 0.7203627358490566 0.7288910416666667 2 0.6977249999999999 0.5872658333333334 2
1 0.5339047169811321 0.6934191666666667 0.10247358490566037 0.138995 0.535489033018868 0.6988997916666667 2 0.49587323113207543 0.680571875 2
1 0.7034568396226415 0.44824937499999995 0.09983820754716982 0.17516791666666667 0.699611674528302 0.4506391666666667 2 0.7401705188679245 0.3773272916666667 2
1 0.7054613207547169 0.44804083333333333 0.10148867924528301 0.17141833333333334 0.6967819575471698 0.4523054166666666 2 0.739227358490566 0.38399208333333334 2
1 0.4328424528301887 0.6915445833333334 0.12228856132075472 0.13857770833333335 0.44210884433962266 0.6988997916666667 2 0.4807814858490566 0.6572452083333334 2
1 0.3846170990566038 0.6203085416666667 0.0848002358490566 0.18938270833333334 0.38551485849056605 0.6155908333333334 2 0.36476379716981133 0.69390125 2
1 0.5981593160377359 0.24682229166666667 0.09914893867924528 0.19885541666666665 0.6081179245283018 0.2506977083333333 2 0.5609563679245283 0.31901104166666666 2
1 0.4115012971698113 0.116875 0.09139882075471699 0.23375 0.41098219339622644 0.10240770833333333 2 0.42984693396226414 0 2
1 0.7139588443396226 0.21703729166666666 0.07962936320754717 0.22925895833333335 0.7090439858490567 0.18738291666666665 2 0.7401705188679245 0.3090139583333333 2
1 0.6435647405660377 0.091875 0.09541768867924527 0.18375 0.6392445754716981 0.09074458333333334 2 0.6034017688679245 0 2
1 0.2645879716981132 0.6440595833333334 0.0939371462264151 0.2502141666666667 0.26483538805483253 0.645510430119693 2 0.2515758254716981 0.7372218749999999 2
1 0.2018495283018868 0.619266875 0.0919067216981132 0.187299375 0.20160745977890057 0.6203529154106053 2 0.16479834905660376 0.680571875 2
1 0.293005070754717 0.11791666666666667 0.08285849056603774 0.23583333333333334 0.2883619103773585 0.13073291666666667 2 0.29590778301886794 0.014100416666666667 2
1 0.20728195754716983 0.2597345833333333 0.10005884433962264 0.1646975 0.2044141509433962 0.2573622916666667 2 0.23271120283018867 0.26402708333333336 2
1 0.06851415094339623 0.34076625 0.13702830188679246 0.19013416666666666 0.06887506294234662 0.3418687277228262 2 0 0.300683125 2
1 0.2380570754716981 0.06791666666666667 0.08803679245283018 0.13583333333333333 0.23828895118137144 0.06870428536057437 2 0.21573290094339623 0 2
1 0.17214257075471698 0.10624604166666667 0.09203360849056604 0.21249208333333333 0.17238497347848705 0.10747815997690514 2 0.17989009433962264 0.020765 2
1 0.08618466981132075 0.23119854166666667 0.11819669811320754 0.18426958333333332 0.08649598218984395 0.23226701407318384 2 0.1176367924528302 0.2623610416666667 2
0 0.32413349056603774 0.595500625 0.017147759433962264 0.026827916666666667 0.3241334340101029 0.5953873384578462 2 0 0 0