1 0.7258681603773585 0.7036297916666666 0.0770371462264151 0.18940729166666664 0.7260710646683347 0.7047280546630772 2 0.722249174528302 0.7572160416666667 2
1 0.8301051886792453 0.7494533333333333 0.09497830188679246 0.14776 0.8303553472838466 0.750310107847776 2 0.8052536556603773 0.7588822916666668 2
1 0.9374079009433963 0.6167702083333333 0.11150483490566038 0.22562645833333334 0.9377015879577161 0.6180784852640586 2 0.9656033018867924 0.5239510416666666 2
1 0.7408333726415095 0.520526875 0.15336485849056605 0.12644625 0.7404294326022298 0.5212600634437389 2 0.7977077830188679 0.5072891666666667 2
1 0.724916745283019 0.33493333333333336 0.10973926886792452 0.185133125 0.7246277085048852 0.33600681291697665 2 0.7656379716981132 0.269025625 2
1 0.6582955188679245 0.2764 0.10149681603773585 0.18136666666666665 0.6580281914745402 0.2774516400769452 2 0.6439607311320755 0.32567583333333333 2
1 0.5629106132075472 0.30702666666666667 0.07748066037735848 0.26594645833333336 0.5631146856482894 0.30856873588503636 2 0.5477510613207548 0.19071520833333333 2
1 0.5953304245283019 0.11267541666666667 0.07462323113207547 0.2004825 0.595133878127703 0.11383789837072571 2 0.6081179245283018 0.03242833333333333 2
1 0.6777514150943397 0.1124375 0.10031426886792454 0.20320833333333335 0.6750875 0.12740041666666665 2 0.6373581367924528 0.040759166666666666 2
1 0.4232912735849057 0.09306791666666667 0.1244127358490566 0.16863583333333335 0.42607393867924526 0.08407979166666667 2 0.3732529481132076 0.052422500000000004 2
1 0.8409540094339623 0.5680289583333333 0.11101650943396225 0.24810895833333332 0.8429830188679246 0.5939304166666666 2 0.8769393867924528 0.4689670833333333 2
1 0.8350577830188679 0.42387749999999996 0.09922405660377358 0.16974479166666667 0.8353191243047172 0.424861751566455 2 0.7977077830188679 0.36899645833333333 2
1 0.8415431603773585 0.23203291666666667 0.1027626179245283 0.19926770833333332 0.8269481132075471 0.23903437500000002 2 0.829777712264151 0.17571958333333332 2
1 0.27508242924528303 0.10558979166666667 0.0941747641509434 0.15632020833333332 0.27533047145198336 0.10649620186287928 2 0.2968510613207547 0.04409145833333334 2
1 0.19985247641509432 0.14079666666666668 0.07954033018867925 0.20673979166666667 0.2000619737172596 0.1419954307748231 2 0.1723442216981132 0.06075333333333333 2
1 0.16860778301886792 0.35326500000000005 0.13023891509433963 0.20180229166666666 0.16895081279111646 0.3544351344102337 2 0.12140966981132076 0.42231416666666666 2
1 0.14349033018867924 0.5792725 0.10264186320754717 0.18395479166666667 0.14376067346460214 0.5803391471122741 2 0.1157502358490566 0.6422497916666666 2
1 0.03844339622641509 0.6748827083333333 0.07688679245283019 0.17190125 0.02708632075471698 0.6955675 2 0 0.7055645833333333 2
1 0.08040801886792454 0.299105625 0.14625931603773584 0.190121875 0.08079324397390232 0.3002080314505824 2 0.01671073113207547 0.22237270833333334 2
0 0.33680683962264146 0.7101112500000001 0.01394752358490566 0.02929291666666667 0.3368067936215743 0.7099875544749246 2 0 0 0