1 0.7119556603773585 0.7148758333333334 0.10957912735849057 0.15858166666666668 0.7122442753667704 0.7157953564143962 2 0.7401705188679245 0.7705454166666666 2
1 0.47152724056603773 0.3672227083333333 0.08336061320754717 0.216388125 0.4717467999208002 0.36847741752883983 2 0.45814386792452827 0.28402125 2
1 0.38215035377358486 0.28077395833333335 0.1347558962264151 0.17678520833333333 0.3940040094339623 0.27069187499999997 2 0.3374100235849056 0.242366875 2
1 0.3696495283018868 0.20328458333333332 0.08900283018867924 0.16509749999999998 0.3698839484100932 0.20424188795162113 2 0.33835330188679247 0.14073 2
1 0.4293145047169811 0.13537979166666667 0.0970314858490566 0.19257375000000002 0.42957007110025164 0.1364964151178758 2 0.38928785377358494 0.057421041666666665 2
1 0.37719658018867924 0.06166666666666667 0.10221061320754717 0.12333333333333334 0.37746578761677074 0.062381805112668755 2 0.33269386792452826 0.055754791666666664 2
1 0.627528537735849 0.10437500000000001 0.09918820754716981 0.20875000000000002 0.6277897846006589 0.1055854201400238 2 0.5873667452830189 0.027429791666666665 2
1 0.3036174528301887 0.6961295833333333 0.08899150943396227 0.171074375 0.30385184312122476 0.6971215443821571 2 0.2977942216981132 0.735555625 2
1 0.1864123820754717 0.71279125 0.13000542452830188 0.13775083333333335 0.1867547968685826 0.7135899871639364 2 0.13461485849056604 0.7488852083333334 2
1 0.1871195754716981 0.5913504166666667 0.12387405660377358 0.13479895833333336 0.18744584116113136 0.5921320376200602 2 0.14687700471698112 0.63391875 2
1 0.0891323113207547 0.5017841666666667 0.11465978773584905 0.18893145833333333 0.08943430800772498 0.5028796705816403 2 0.06858856132075472 0.4539714583333333 2
1 0.03903301886792453 0.6582183333333333 0.07806603773584905 0.17189645833333334 0.02142688679245283 0.6605777083333333 2 0 0.6572452083333334 2
1 0.2829823113207547 0.08666666666666667 0.0854504716981132 0.17333333333333334 0.2832073750493945 0.08767172610429122 2 0.27327016509433966 0.04242541666666667 2
1 0.02724056603773585 0.503238125 0.0544811320754717 0.131856875 0.011994575471698113 0.502290625 2 0 0.49895833333333334 2