1 0.6295334905660377 0.7098760416666666 0.10697087264150942 0.15191458333333333 0.6288691037735848 0.7138954166666667 2 0.6713146226415094 0.7588822916666668 2
1 0.5487530660377359 0.5029956250000001 0.10175153301886793 0.33849104166666666 0.5484850677580195 0.5010329118308936 2 0.5600129716981133 0.35733312500000003 2
1 0.36328195754716985 0.343895 0.0875869103773585 0.24637687500000002 0.35721792452830187 0.3340066666666667 2 0.342126179245283 0.24736541666666667 2
1 0.3909926886792453 0.21099458333333335 0.10527877358490566 0.2038441666666667 0.39126997718168155 0.21217655739206245 2 0.35721792452830187 0.2906860416666667 2
1 0.3470021226415094 0.07 0.09211745283018868 0.14 0.35061533018867924 0.03909291666666667 2 0.3581612028301887 0 2
1 0.8622968160377359 0.7350822916666666 0.11785908018867926 0.17233562500000002 0.8626072391812738 0.7360815659725042 2 0.8590179245283018 0.7688793749999999 2
1 0.7202080188679245 0.7115435416666667 0.06948962264150943 0.16524645833333332 0.7203910441135747 0.7125017100079086 2 0.7184762971698114 0.7572160416666667 2
1 0.6690332547169812 0.628641875 0.07278242924528301 0.206049375 0.6692249527214494 0.6298366357824638 2 0.6647119103773586 0.5506097916666667 2
1 0.630230896226415 0.5288602083333334 0.1255560141509434 0.14311291666666665 0.6299002005130223 0.529690037107613 2 0.677917216981132 0.560606875 2
1 0.8538069575471697 0.322849375 0.11597110849056605 0.15096791666666667 0.8541124080563675 0.32372475036206355 2 0.8269481132075471 0.28068895833333335 2
1 0.6921452830188679 0.3707622916666667 0.09259610849056604 0.19680854166666667 0.6923891672832878 0.37190347021786213 2 0.7090439858490567 0.32567583333333333 2
1 0.6176246462264151 0.06583333333333334 0.11899599056603774 0.13166666666666668 0.5835938679245283 0.057421041666666665 2 0.6543364386792453 0.03242833333333333 2
1 0.25432924528301887 0.08875000000000001 0.08851132075471697 0.17750000000000002 0.24968938679245284 0.07408270833333333 2 0.23459764150943394 0 2
1 0.3018489386792453 0.6927947916666667 0.0948869103773585 0.144410625 0.30209885657231533 0.693632145098683 2 0.3091130896226415 0.6639102083333334 2
1 0.2289688679245283 0.6690510416666666 0.11312653301886792 0.18356458333333334 0.2279950471698113 0.6722410416666666 2 0.2100735849056604 0.5955966666666667 2
1 0.0742754716981132 0.6746752083333334 0.12078867924528301 0.18481604166666665 0.07459361096625511 0.6757468493346882 2 0.02708632075471698 0.7322233333333333 2
1 0.12733455188679244 0.09413395833333334 0.06655731132075472 0.16673208333333334 0.1275098538641415 0.09510074095203894 2 0.09971533018867924 0.028973958333333334 2