1 0.6999182783018868 0.6934204166666667 0.12577995283018867 0.15565916666666665 0.6995869927675938 0.6943229938657692 2 0.7505461084905661 0.7005660416666667 2
1 0.5706830188679246 0.570728125 0.15032841981132075 0.13021020833333333 0.5702870763527939 0.5714831384543874 2 0.6335853773584905 0.5456114583333334 2
1 0.37354080188679245 0.656969375 0.0930126179245283 0.18272791666666668 0.3737857831746033 0.6580289081759422 2 0.3411830188679245 0.7205602083333333 2
1 0.4455870283018868 0.4363739583333333 0.10693903301886791 0.1447520833333333 0.4458686896787062 0.4372132916841217 2 0.4062660377358491 0.37566104166666664 2
1 0.3699952830188679 0.35055604166666665 0.09329257075471697 0.18305479166666666 0.37136639150943396 0.3656639583333333 2 0.34306945754716983 0.3989875 2
1 0.39110978773584903 0.09083333333333334 0.08853502358490566 0.18166666666666667 0.3913429757116115 0.09188671293622828 2 0.36476379716981133 0 2
1 0.5712832547169812 0.341600625 0.0961126179245283 0.20513229166666666 0.5715364009399282 0.34279006814827573 2 0.5854803066037736 0.40065375 2
1 0.7374156839622641 0.3468064583333333 0.11115200471698114 0.18222041666666666 0.736397641509434 0.358999375 2 0.7684675707547169 0.3056816666666667 2
1 0.6761017688679245 0.19909104166666666 0.07343007075471698 0.20984875 0.6750875 0.19738 2 0.68640625 0.23403583333333333 2
1 0.27024823113207547 0.7007120833333332 0.10148466981132075 0.1702425 0.27051552653412086 0.701699220821659 2 0.2770430424528302 0.7522175 2
1 0.2918258254716981 0.5567741666666667 0.08427287735849055 0.16228479166666665 0.2920477875934347 0.5577151620211716 2 0.26383785377358493 0.49562604166666663 2
1 0.16424316037735848 0.6371789583333333 0.09887216981132074 0.15980875 0.16450357484616399 0.6381055965587322 2 0.1732875 0.6739070833333333 2
1 0.30019764150943395 0.091875 0.08403856132075473 0.18375 0.30041898647786425 0.09294045964421256 2 0.28175919811320754 0.009101666666666668 2
1 0.056132075471698115 0.661760625 0.11226415094339623 0.18564541666666667 0.04217806603773585 0.6855704166666666 2 0 0.7272247916666666 2
1 0.02900943396226415 0.5232360416666667 0.0580188679245283 0.14186125 0.007278419811320755 0.51562 2 0 0.5139539583333333 2
1 0.0891323113207547 0.2593197916666667 0.11465978773584905 0.190526875 0.08943430800772498 0.2604245464772813 2 0.04406450471698113 0.17899104166666666 2
1 0.04658054245283019 0.3057447916666666 0.09316096698113208 0.24351041666666667 0.04029162735849056 0.3256147916666666 2 0 0.20398375 2
0 0.6360373820754717 0.38963708333333336 0.014618160377358492 0.02739645833333333 0.6360373338625417 0.38952139600395896 2 0 0 0
0 0.3205588443396227 0.696700625 0.014851179245283019 0.022549791666666666 0.3205587953581608 0.6966054037438754 2 0 0 0