1 0.7251604952830188 0.7036310416666667 0.07373561320754717 0.20607145833333332 0.7253547038311081 0.7048259304975685 2 0.736397641509434 0.7755439583333333 2
1 0.7288069575471697 0.43824979166666667 0.13402889150943395 0.16183354166666666 0.7284539455453736 0.4391881704842222 2 0.7845025943396227 0.37566104166666664 2
1 0.6486275943396227 0.27345562500000004 0.07744398584905661 0.20441104166666665 0.6484236184940886 0.27227036396202836 2 0.6477338443396226 0.20237854166666666 2
1 0.7317566037735849 0.26577854166666665 0.0904001179245283 0.20677645833333333 0.731518503419014 0.26697751838355027 2 0.7675244103773584 0.17738583333333333 2
1 0.5967517688679246 0.10850875 0.07347747641509435 0.19214916666666668 0.5901965801886793 0.112405 2 0.5967991745283019 0.049089999999999995 2
1 0.43933643867924527 0.142254375 0.07934599056603774 0.19965791666666668 0.4395454241199869 0.14341207542370552 2 0.4307900943396226 0.045757708333333334 2
1 0.38155908018867923 0.10933812500000001 0.09584398584905661 0.14049041666666667 0.38181151887502257 0.11015274741826908 2 0.3449558962264151 0.055754791666666664 2
1 0.8232656839622641 0.74258375 0.08507228773584906 0.2073325 0.8234897516110582 0.7437859508799113 2 0.8090265330188678 0.8005366666666667 2
1 0.8259773584905661 0.40409208333333335 0.07729044811320754 0.21348270833333333 0.8261809299407279 0.4053299457032183 2 0.7967645047169811 0.3090139583333333 2
1 0.9423349056603774 0.6365508333333333 0.11533018867924529 0.11523166666666666 0.9552277122641509 0.6389175 2 1 0.6389175 2
1 0.9670990566037736 0.5140708333333334 0.06580188679245283 0.14352499999999999 0.9816383254716982 0.5139539583333333 2 1 0.51562 2
1 0.2636451650943396 0.4472102083333333 0.10525683962264151 0.20641291666666667 0.27044044811320755 0.430645 2 0.2185626179245283 0.358999375 2
1 0.27897334905660376 0.29243854166666666 0.08875141509433962 0.17012291666666668 0.2792071069751529 0.29342498576062076 2 0.24497323113207548 0.24736541666666667 2
1 0.2808606132075472 0.08875000000000001 0.09818537735849057 0.17750000000000002 0.2742134433962264 0.09074458333333334 2 0.2628945754716981 0.014100416666666667 2
1 0.20963915094339622 0.15017166666666668 0.07647629716981132 0.22548979166666666 0.20984057804206002 0.15147915114668156 2 0.18177653301886793 0.049089999999999995 2
0 0.6508096698113208 0.39962166666666665 0.01813950471698113 0.024381041666666665 0.6508096099844582 0.39951871257079546 2 0 0 0
0 0.3362195754716981 0.7099895833333334 0.013273113207547168 0.0268025 0.33621953169493946 0.7098764041184206 2 0 0 0
0 0.008786084905660376 0.5983677083333333 0.017572169811320752 0.02700770833333333 0.008786026949955191 0.5982536625829087 2 0 0 0