1 0.5449899764150944 0.6967516666666668 0.13218985849056603 0.13233 0.5453381446796928 0.6975189715630947 2 0.593026179245283 0.6672425000000001 2
1 0.44404481132075474 0.64696875 0.10931615566037736 0.152729375 0.44375688895936144 0.6478543390369976 2 0.39872016509433966 0.6839041666666666 2
1 0.5754102594339623 0.47324812499999996 0.09493419811320754 0.20850354166666665 0.5756603018758375 0.47445711607113594 2 0.5986856132075472 0.54894375 2
1 0.6807077830188679 0.39096875 0.09424481132075473 0.21056249999999999 0.683576533018868 0.40065375 2 0.7014981132075472 0.3040154166666667 2
1 0.6068929245283019 0.10225749999999999 0.08621403301886792 0.162985 0.6034017688679245 0.077415 2 0.5958558962264151 0.10907249999999999 2
1 0.5383849056603773 0.24286541666666667 0.08879634433962265 0.210935625 0.5307727594339623 0.24736541666666667 2 0.53831875 0.1590579166666667 2
1 0.4218858490566038 0.27369229166666664 0.09537936320754717 0.182615625 0.42701721698113204 0.27569041666666666 2 0.45059799528301886 0.19904624999999998 2
1 0.3899313679245283 0.19474395833333333 0.10504280660377359 0.161345625 0.39020803492532097 0.19567950800521225 2 0.34684233490566035 0.24736541666666667 2
1 0.3810793632075472 0.07625 0.09187570754716981 0.1525 0.3808373763711838 0.07713425902444852 2 0.41381191037735854 0.025763541666666667 2
1 0.28274622641509434 0.6198939583333334 0.0812055424528302 0.21521229166666667 0.28296010963665474 0.6211418495535203 2 0.2977942216981132 0.7038983333333333 2
1 0.21188125 0.69237625 0.11680341981132075 0.12024729166666666 0.22327877358490564 0.6988997916666667 2 0.1629119103773585 0.69390125 2
1 0.1450235849056604 0.6023904166666667 0.11136780660377357 0.1335525 0.14531691100798116 0.6031648101313398 2 0.1619686320754717 0.6355850000000001 2
1 0.10045200471698114 0.6786320833333334 0.11088844339622642 0.172735625 0.10074406824849665 0.6796336770071039 2 0.08556686320754717 0.735555625 2
1 0.24124115566037735 0.13996375 0.09817806603773585 0.20840604166666665 0.23459764150943394 0.154059375 2 0.19969799528301885 0.17571958333333332 2
1 0.04139150943396227 0.3253522916666666 0.08278301886792454 0.19596208333333334 0.029916037735849058 0.34567000000000003 2 0 0.30234916666666667 2
1 0.182875 0.44408020833333334 0.1323630896226415 0.13350604166666666 0.19120884433962265 0.44897291666666667 2 0.23648408018867925 0.40065375 2
0 0.32890200471698117 0.7030154166666667 0.017959787735849057 0.02542125 0.32890194548285273 0.7029080700714946 2 0 0 0
0 0.04052971698113207 0.561825 0.019292924528301884 0.027837916666666667 0.0405296533501145 0.5617074485196105 2 0 0 0