1 0.5052508254716981 0.6090625000000001 0.08666804245283019 0.22020833333333334 0.5054790960991238 0.6103393603672707 2 0.4798382075471698 0.5256172916666667 2
1 0.3813149764150943 0.5724004166666667 0.09706391509433962 0.21019895833333332 0.38362841981132073 0.5756025 2 0.38928785377358494 0.49395979166666665 2
1 0.49769599056603775 0.3865897916666666 0.10576933962264151 0.14848708333333333 0.49741740998622136 0.3874507821155292 2 0.467576179245283 0.44897291666666667 2
1 0.6558284198113208 0.37242604166666665 0.10862617924528302 0.16014791666666667 0.6562228773584905 0.37566104166666664 2 0.6128340801886792 0.31401249999999997 2
1 0.7426047169811321 0.3216027083333334 0.09322818396226415 0.19512791666666668 0.739227358490566 0.330674375 2 0.7703541273584906 0.23570208333333334 2
1 0.4350926886792453 0.17224791666666667 0.10670129716981132 0.17300395833333332 0.4353737238954882 0.17325106624975892 2 0.47229233490566036 0.17571958333333332 2
1 0.37659917452830194 0.09395833333333334 0.07819846698113207 0.18791666666666668 0.37639321149260485 0.0950479530601811 2 0.38928785377358494 0.012434166666666666 2
1 0.615030896226415 0.1478775 0.1289004716981132 0.18424520833333335 0.6153704007394657 0.14894583107003373 2 0.5656725235849056 0.06908416666666667 2
1 0.6180954009433962 0.07104166666666667 0.08975424528301887 0.14208333333333334 0.6183318001662819 0.07186552548452717 2 0.6024584905660377 0 2
1 0.14596721698113208 0.5986483333333333 0.11891450471698113 0.23270354166666665 0.1462804199546102 0.5999976461644145 2 0.09971533018867924 0.6905689583333333 2
1 0.25739610849056604 0.06791666666666667 0.11539634433962263 0.13583333333333333 0.25770004515717954 0.06870428536057437 2 0.21196002358490565 0.027429791666666665 2
1 0.11507417452830188 0.21908645833333334 0.12881391509433962 0.18349395833333335 0.11541345106423774 0.22015043334046797 2 0.05632665094339623 0.13733666666666666 2
1 0.08771674528301886 0.38760354166666666 0.09862311320754717 0.18395979166666668 0.08368030660377358 0.3839310416666667 2 0.10254492924528302 0.3839310416666667 2
0 0.3197411556603773 0.6967564583333333 0.017940094339622643 0.02391979166666667 0.31974109649120075 0.6966554519629683 2 0 0 0