1 0.28074304245283016 0.6848810416666667 0.11115542452830189 0.16857145833333334 0.28103580917261217 0.6858584897538516 2 0.2402570754716981 0.7288910416666667 2
1 0.24595849056603775 0.529900625 0.11704516509433963 0.12853187500000002 0.24626676997926855 0.530645906773102 2 0.255348820754717 0.48562895833333336 2
1 0.26788891509433965 0.33493333333333336 0.07790141509433962 0.185133125 0.2680940957399116 0.33600681291697665 2 0.2393137971698113 0.26402708333333336 2
1 0.25904622641509434 0.08979166666666667 0.09794528301886792 0.17958333333333334 0.2610081367924528 0.06908416666666667 2 0.2610081367924528 0 2
1 0.3670549528301887 0.1541347916666667 0.08004091981132076 0.296730625 0.3672657686103536 0.15585536040756176 2 0.34684233490566035 0.034094375 2
1 0.6058313679245283 0.08875000000000001 0.07654481132075472 0.17750000000000002 0.5986856132075472 0.07574895833333332 2 0.5949127358490566 0 2
1 0.7120737028301887 0.7375789583333333 0.11170165094339622 0.13400854166666668 0.712367908228438 0.7383559961190509 2 0.7486596698113207 0.7572160416666667 2
1 0.5831924528301886 0.554901875 0.09352063679245283 0.19519625 0.583438772163517 0.5560337048072197 2 0.5477510613207548 0.503956875 2
1 0.6627841981132077 0.5944816666666667 0.08292205188679244 0.22437020833333332 0.6630026023632162 0.5957826593324775 2 0.6618823113207547 0.6605777083333333 2
1 0.7124264150943397 0.5286566666666667 0.08976969339622642 0.20602020833333334 0.712662855005239 0.529851258328552 2 0.7203627358490566 0.590598125 2
1 0.7260952830188679 0.3247241666666667 0.12624705188679247 0.15138520833333333 0.7156465801886792 0.30734770833333336 2 0.7722405660377358 0.29235208333333335 2
1 0.8778621462264151 0.7981981250000001 0.13389823113207547 0.17527041666666668 0.8782148140883704 0.7992144164600418 2 0.821288679245283 0.8005366666666667 2
1 0.9441291273584905 0.6759243749999999 0.11174174528301888 0.17398458333333336 0.944423438359218 0.6769332106585403 2 0.9448522405660377 0.6955675 2
1 0.8460241745283019 0.3624352083333333 0.10795165094339623 0.263463125 0.8463085029888864 0.3639628781424524 2 0.8476991745283018 0.269025625 2
1 0.8770365566037736 0.17078791666666668 0.12847393867924528 0.1467575 0.8807123820754718 0.16405645833333335 2 0.8543017688679245 0.16572250000000002 2