1 0.4534882075471698 0.73945625 0.12462771226415094 0.15109229166666666 0.45381645825259725 0.7403323465405303 2 0.40249316037735855 0.69723375 2
1 0.5232915094339623 0.603646875 0.08124716981132075 0.22270645833333333 0.5235055022957427 0.6049382205448145 2 0.5402051886792453 0.6855704166666666 2
1 0.37613620283018867 0.5878108333333334 0.12084091981132075 0.15437833333333334 0.3764544796921478 0.5887059837230338 2 0.32514799528301885 0.5306158333333334 2
1 0.6750503537735848 0.45428833333333335 0.15272948113207546 0.15058979166666667 0.6854630896226415 0.4523054166666666 2 0.607174646226415 0.45563770833333334 2
1 0.751691037735849 0.430758125 0.07020271226415094 0.26015020833333335 0.7533759433962264 0.4423083333333333 2 0.771297287735849 0.3106802083333333 2
1 0.6716188679245283 0.2005522916666667 0.12578478773584906 0.16693791666666666 0.6712875696558187 0.1995843155398789 2 0.7213058962264152 0.1590579166666667 2
1 0.617623820754717 0.31556125 0.10012971698113207 0.18637729166666667 0.617887547414191 0.3166419437843182 2 0.5986856132075472 0.34567000000000003 2
1 0.4615044811320755 0.27952625 0.08217971698113208 0.20428083333333333 0.4617209301832601 0.28071075603538925 2 0.46474646226415095 0.32567583333333333 2
1 0.397352358490566 0.274110625 0.07253490566037736 0.20677874999999998 0.3971613124261027 0.27530961500492906 2 0.4128686320754717 0.18571666666666667 2
1 0.42057912735849057 0.111608125 0.12606403301886793 0.15154958333333332 0.42024709359958007 0.11072937689040056 2 0.46568974056603774 0.0807475 2
1 0.24878785377358492 0.67988 0.10195259433962264 0.14523999999999998 0.24968938679245284 0.6872364583333332 2 0.24308667452830188 0.6455820833333333 2
1 0.2694221698113208 0.5182410416666666 0.08662724056603774 0.20185104166666665 0.2696503329726951 0.5194114587498672 2 0.24120023584905662 0.5955966666666667 2
1 0.05200471698113208 0.7490385416666666 0.10400943396226416 0.17358937500000002 0.038405188679245285 0.7422204166666667 2 0.03180247641509434 0.78220875 2
1 0.08182205188679245 0.5796910416666667 0.12456332547169811 0.20478583333333333 0.09028301886792453 0.57726875 2 0.039348349056603775 0.5022908333333334 2
1 0.1617686320754717 0.38076062499999996 0.13919846698113209 0.19347875 0.16213525996385125 0.3818824960211575 2 0.10254492924528302 0.4539714583333333 2
1 0.2269746462264151 0.14329604166666668 0.12435247641509435 0.20174125 0.22730217200188946 0.14446582213168976 2 0.17989009433962264 0.062419583333333334 2
1 0.0794623820754717 0.3091039583333333 0.09154681603773585 0.18679208333333333 0.0714182783018868 0.2856875 2 0.0695318396226415 0.30234916666666667 2
0 0.3333420990566038 0.7290129166666667 0.01333879716981132 0.027926458333333334 0.3333420550632094 0.7288949913003964 2 0 0 0
0 0.04509693396226415 0.5930291666666666 0.018603066037735847 0.025661458333333335 0.045096872606505446 0.5929208057410932 2 0 0 0