1 0.6613612028301886 0.6173910416666666 0.10291120283018867 0.170218125 0.6610901501540888 0.618378037818509 2 0.699611674528302 0.5572745833333334 2
1 0.5566619103773585 0.5236591666666667 0.09705341981132075 0.23268145833333334 0.5569175345313965 0.5250083514493099 2 0.5402051886792453 0.43397729166666665 2
1 0.40490554245283017 0.6236420833333334 0.08216992924528302 0.19938229166666668 0.4051219657245863 0.6247981855675725 2 0.40343632075471697 0.6889029166666667 2
1 0.4030194575471698 0.4228395833333333 0.09537606132075471 0.21765416666666668 0.4006067216981132 0.4273127083333333 2 0.4241875 0.505623125 2
1 0.5949833726415095 0.327229375 0.07937287735849057 0.22970770833333332 0.5951924288980306 0.3285613167316665 2 0.6118908018867926 0.415649375 2
1 0.6924997641509434 0.3559741666666667 0.10839658018867925 0.21388520833333333 0.69278526448844 0.35721436290053427 2 0.7231924528301887 0.43897583333333334 2
1 0.4520627358490566 0.220780625 0.1159179245283019 0.14677208333333333 0.4517574254184402 0.2216316711588499 2 0.5005893867924528 0.18571666666666667 2
1 0.3813239386792453 0.08145833333333334 0.11046533018867924 0.16291666666666668 0.3874014150943396 0.08241375 2 0.33646686320754715 0 2
1 0.6821139150943396 0.19849208333333335 0.1066807783018868 0.14551562499999998 0.6818329339217178 0.1993358440192646 2 0.6345284198113208 0.13739770833333334 2
1 0.7226754716981132 0.08458333333333333 0.13119999999999998 0.16916666666666666 0.7223299105723437 0.08556423268832268 2 0.7684675707547169 0.06075333333333333 2
1 0.279327358490566 0.09604166666666666 0.0951188679245283 0.19208333333333333 0.27957788732503197 0.09715544647614965 2 0.27138372641509434 0 2
1 0.19372181603773586 0.5632339583333333 0.10123561320754718 0.19519854166666667 0.19398845546203444 0.5643658014285985 2 0.1600821933962264 0.4772979166666667 2
1 0.12945825471698114 0.36590770833333336 0.09532877358490567 0.16068458333333335 0.12235294811320756 0.35054645833333337 2 0.11669351415094341 0.4105289583333333 2
1 0.06025943396226415 0.24947166666666665 0.1205188679245283 0.23105687500000002 0.06481568396226416 0.26557125 2 0.011051415094339623 0.14560645833333333 2
1 0.13842063679245284 0.060625000000000005 0.11513985849056603 0.12125000000000001 0.13872389791380155 0.061328058404684485 2 0.09688561320754718 0 2
1 0.06556603773584906 0.54782 0.1311320754716981 0.20102645833333332 0.06591141995859677 0.548985635802847 2 0.007278419811320755 0.46730104166666664 2
1 0.02724056603773585 0.30348083333333337 0.0544811320754717 0.20220479166666666 0.006335259433962264 0.3090139583333333 2 0 0.28068895833333335 2
0 0.5922959905660378 0.4460327083333333 0.0179373820754717 0.022796875 0.5922960497262688 0.4461289729509982 2 0 0 0
0 0.3196510613207547 0.6959947916666667 0.016699882075471698 0.023324375 0.319651006241988 0.6958962995688835 2 0 0 0