1 0.724925 0.7198781249999999 0.07892358490566037 0.19857729166666666 0.7251328728875744 0.721029559506274 2 0.736397641509434 0.7905395833333333 2
1 0.6630129716981132 0.6936302083333333 0.08262971698113207 0.17607270833333333 0.6627953374144089 0.6946511518172864 2 0.68640625 0.7522175 2
1 0.3937040094339623 0.35992979166666667 0.08806379716981132 0.18514041666666667 0.39393595627001055 0.36100331353045456 2 0.38174198113207547 0.2956845833333333 2
1 0.3723545990566038 0.11702145833333333 0.06970931603773585 0.18737604166666666 0.3721709951714923 0.11593497337720747 2 0.34967205188679246 0.034094375 2
1 0.44050837264150944 0.10437500000000001 0.09563808962264152 0.20875000000000002 0.4402564762549511 0.1055854201400238 2 0.39966344339622645 0.17072125000000002 2
1 0.59710625 0.10059125 0.08927806603773586 0.16631729166666667 0.5779344339622641 0.10574020833333334 2 0.6194367924528302 0.050756249999999996 2
1 0.8746780660377358 0.6921702083333333 0.12375695754716981 0.14982625 0.8750040233058136 0.6930389638327549 2 0.8288345518867926 0.6872364583333332 2
1 0.855221816037736 0.3457635416666667 0.11314127358490565 0.16347291666666666 0.8555198131861429 0.34671142626873497 2 0.8184589622641509 0.3173447916666667 2
1 0.8753852594339622 0.18766083333333333 0.11762558962264151 0.15051166666666665 0.8844852594339623 0.1790520833333333 2 0.8599612028301887 0.19571395833333333 2
1 0.2981932783018868 0.30306500000000003 0.08568891509433961 0.21137 0.2984189700546762 0.30429061199998486 2 0.2779864386792453 0.21737416666666667 2
1 0.19266014150943395 0.30368833333333334 0.09156639150943396 0.18929 0.19290131365373775 0.30478591622341766 2 0.16385507075471697 0.22737125 2
1 0.10198443396226414 0.32972395833333334 0.10452099056603772 0.19137583333333333 0.10225972657786285 0.33083363576078484 2 0.05726981132075472 0.25902854166666667 2
1 0.03313679245283019 0.39763333333333334 0.06627358490566038 0.19723312499999998 0.03331134713734837 0.3987769737969493 2 0 0.35233458333333334 2
0 0.6544905660377359 0.3658475 0.01655188679245283 0.021544166666666666 0.6544905114470803 0.36575652520774987 2 0 0 0
0 0.3365303066037736 0.7113414583333333 0.013242216981132076 0.027757708333333336 0.33653026292891547 0.7112242455495653 2 0 0 0
0 0.007944103773584905 0.6692008333333334 0.01588820754716981 0.022729791666666666 0.007944051371844972 0.6691048519892064 2 0 0 0