1 0.617742570754717 0.3605541666666667 0.1324373820754717 0.17972479166666666 0.6180913909593204 0.3615962864630495 2 0.5628428066037736 0.31901104166666666 2
1 0.3994821933962264 0.35659625 0.09773372641509434 0.17514104166666666 0.39973960937584263 0.35761179128947584 2 0.36382063679245286 0.3240095833333333 2
1 0.42554233490566035 0.217655625 0.12344351415094339 0.14052208333333333 0.4258674666108353 0.21847043103489708 2 0.4600303066037736 0.21904020833333335 2
1 0.3751908018867925 0.11267291666666666 0.0736751179245283 0.17048645833333334 0.37230966981132074 0.10740625 2 0.350615212264151 0.0807475 2
1 0.6173885613207547 0.07104166666666667 0.1166375 0.14208333333333334 0.613777358490566 0.06075333333333333 2 0.5958558962264151 0.11073875000000001 2
1 0.8508600235849058 0.768413125 0.13837429245283017 0.20567375 0.8512244807211676 0.7696057077510142 2 0.9024067216981132 0.8455235416666667 2
1 0.87231875 0.5524014583333333 0.10583313679245283 0.180198125 0.8725974986119949 0.5534463227151035 2 0.8354371462264151 0.49395979166666665 2
1 0.8433120283018868 0.31826666666666664 0.1063003537735849 0.15179979166666666 0.843592007493348 0.31914686558922833 2 0.8090265330188678 0.272358125 2
1 0.8665413915094339 0.16495749999999998 0.10937004716981133 0.17508500000000002 0.8668294558129818 0.1659727163363644 2 0.8250615566037736 0.09241083333333333 2
1 0.2447797169811321 0.569063125 0.12411981132075472 0.150206875 0.24510662995163748 0.5699340875229703 2 0.26761073113207545 0.5272833333333333 2
1 0.2875820754716981 0.3803410416666667 0.11162830188679244 0.15265125 0.2878760876795315 0.38122617770211487 2 0.31099952830188676 0.36399791666666664 2
1 0.30302783018867924 0.20307729166666666 0.0878122641509434 0.17801229166666666 0.3032591145244748 0.2041094816690864 2 0.28270259433962264 0.19738 2
1 0.20421698113207545 0.3059777083333334 0.12033950471698113 0.16387791666666668 0.20453393734186626 0.3069279412954338 2 0.15630931603773585 0.2506977083333333 2
1 0.2214316037735849 0.17807958333333335 0.10006120283018868 0.16134083333333335 0.2216951499770594 0.17901510522111724 2 0.18271981132075474 0.122401875 2
0 0.7268047169811321 0.6667052083333334 0.013415683962264151 0.023574374999999998 0.7268046727341534 0.6666056605577693 2 0 0 0
0 0.33610035377358494 0.7098525 0.014447995283018867 0.027655625 0.33610030612188546 0.7097357182846592 2 0 0 0
0 0.007702712264150944 0.6697910416666667 0.01540554245283019 0.020180208333333335 0.007702661454314355 0.669705826476444 2 0 0 0