1 0.7275193396226416 0.7390414583333332 0.08788573113207547 0.19358354166666666 0.7277508174594486 0.740163936980569 2 0.722249174528302 0.6589114583333333 2
1 0.6672570754716981 0.6615227083333333 0.10055188679245283 0.21804541666666666 0.666992236880248 0.6602583894649586 2 0.6505634433962265 0.5756025 2
1 0.5096142688679245 0.7071708333333333 0.09916780660377358 0.186491875 0.5109649764150943 0.692235 2 0.506248820754717 0.648914375 2
1 0.5300129716981132 0.527405 0.08903066037735849 0.18352312499999998 0.5302474651068633 0.5284691441277131 2 0.5486942216981132 0.5955966666666667 2
1 0.3875725235849056 0.6325964583333333 0.09089268867924528 0.160640625 0.3878119212969805 0.6335279201192303 2 0.36099080188679245 0.6572452083333334 2
1 0.4062031839622642 0.5415677083333333 0.09608408018867924 0.155198125 0.40645625502109445 0.5424676122192923 2 0.41664162735849053 0.590598125 2
1 0.37647995283018865 0.219295 0.10862028301886792 0.22942333333333334 0.38645813679245283 0.23570208333333334 2 0.33552358490566037 0.12906666666666666 2
1 0.3946483490566038 0.41825083333333335 0.11447676886792453 0.13516479166666664 0.3949498636993208 0.4190345755419822 2 0.34967205188679246 0.3989875 2
1 0.67139375 0.27327375000000004 0.12466521226415093 0.1584522916666667 0.6882926886792452 0.26402708333333336 2 0.6288691037735848 0.24403291666666668 2
1 0.587430070754717 0.217456875 0.07533195754716981 0.27008625 0.5807641509433962 0.214041875 2 0.5647292452830188 0.327341875 2
1 0.27755813679245284 0.129375 0.08214799528301887 0.25875 0.2777745022934415 0.13087534113164626 2 0.27044044811320755 0.020765 2
1 0.19960908018867923 0.083694375 0.09450117924528302 0.16738875 0.1864926886792453 0.05408875 2 0.2081871462264151 0.065751875 2
1 0.2558625 0.46304125 0.0972372641509434 0.20808395833333335 0.25611860837246 0.4642478081508146 2 0.28175919811320754 0.5406127083333333 2
1 0.20515943396226416 0.6230202083333333 0.09958667452830189 0.23812645833333335 0.20542173032934988 0.6244009655119641 2 0.20064127358490566 0.6988997916666667 2
1 0.05082547169811321 0.6248900000000001 0.10165094339622642 0.17188666666666666 0.0365186320754717 0.620589375 2 0 0.6405835416666666 2
1 0.10823431603773585 0.3924275 0.10947476415094338 0.220145 0.11009080188679245 0.40731854166666664 2 0.07896415094339623 0.3040154166666667 2
0 0.32387358490566037 0.5948775000000001 0.015077122641509432 0.024998125 0.3238735351790025 0.5947719401394724 2 0 0 0