1 0.6434458726415094 0.7217541666666667 0.07442889150943396 0.21565854166666665 0.6436419071806847 0.7230046454317038 2 0.6477338443396226 0.8022029166666667 2
1 0.7152561320754717 0.7642464583333334 0.08411025943396228 0.19734041666666666 0.7154776658859806 0.7653907209190772 2 0.7430002358490566 0.7255587499999999 2
1 0.7250356132075472 0.5969504166666667 0.08875047169811322 0.19723416666666665 0.7248018577737623 0.5958067701630301 2 0.7231924528301887 0.6739070833333333 2
1 0.43037853773584905 0.5378168750000001 0.16329941037735848 0.13769958333333332 0.4308086438950526 0.5386153149949201 2 0.3685367924528302 0.5472775 2
1 0.3886353773584905 0.6663408333333333 0.12886132075471698 0.15148520833333334 0.388974778753827 0.6672192081696561 2 0.3345804245283019 0.6555791666666667 2
1 0.5591379716981132 0.396590625 0.09445978773584905 0.178485625 0.5593867646141951 0.3976255595878071 2 0.593026179245283 0.38065958333333333 2
1 0.689316037735849 0.095 0.10768856132075472 0.19 0.6895996732578193 0.09610169976816538 2 0.6901792452830189 0 2
1 0.44334787735849057 0.36034437500000005 0.1326439858490566 0.15931104166666668 0.4436972417264522 0.3612681273035282 2 0.3883445754716981 0.358999375 2
1 0.4102117924528302 0.213705 0.08335000000000001 0.23592354166666668 0.4104313238539955 0.21507298374294168 2 0.3977770047169812 0.29235208333333335 2
1 0.3876897405660377 0.385550625 0.07414882075471699 0.17973208333333332 0.38788503744084324 0.38659278707652744 2 0.37136639150943396 0.3090139583333333 2
1 0.29135459905660377 0.10541666666666667 0.0946492924528302 0.21083333333333334 0.29590778301886794 0.10740625 2 0.26006497641509435 0 2
1 0.29088337264150943 0.3324316666666667 0.10502570754716982 0.15680333333333335 0.29115999460595104 0.33334087822446085 2 0.3015672169811321 0.3223433333333333 2
1 0.26069787735849054 0.6965441666666667 0.11822688679245283 0.145245 0.26100926924946793 0.6973863581552309 2 0.2770430424528302 0.740554375 2
1 0.2873452830188679 0.516575 0.08851698113207547 0.20518354166666666 0.28757842347351525 0.5177647403172921 2 0.2751566037735849 0.5939304166666666 2
1 0.19301497641509435 0.4840770833333333 0.1168001179245283 0.1701791666666667 0.1933226104108262 0.48506385358840304 2 0.19498183962264154 0.5422789583333334 2
1 0.04669811320754717 0.584895625 0.09339622641509435 0.16854208333333334 0.04217806603773585 0.5806010416666666 2 0 0.5806010416666666 2
1 0.03136792452830189 0.7348725 0.06273584905660377 0.151921875 0 0.735555625 2 0.006335259433962264 0.740554375 2
0 0.5634956367924528 0.6296285416666667 0.0195685141509434 0.025881041666666667 0.5634955722524985 0.6295192535041088 2 0 0 0