1 0.7338889150943396 0.48616291666666667 0.13646745283018868 0.20767416666666666 0.7231924528301887 0.49062750000000005 2 0.7863890330188679 0.5589408333333333 2
1 0.6880094339622642 0.11583333333333333 0.11375459905660376 0.23166666666666666 0.6877098214065365 0.11717663392785077 2 0.7373409198113207 0 2
1 0.6063045990566037 0.55427375 0.11333419811320755 0.15061916666666667 0.6066031043392881 0.555147103163147 2 0.6326419811320755 0.5822672916666666 2
1 0.4828496462264151 0.6423860416666667 0.14562134433962265 0.15356125 0.48323319101060774 0.6432764542641624 2 0.4185280660377359 0.6155908333333334 2
1 0.5662036556603773 0.4270025 0.11778478773584906 0.17599479166666668 0.5658934281920197 0.42802299169040775 2 0.610947641509434 0.3706625 2
1 0.44016249999999996 0.44075166666666665 0.09420330188679245 0.19016333333333335 0.4404106173708171 0.4418543135100714 2 0.4449385613207547 0.4822964583333333 2
1 0.36717417452830187 0.2968175 0.1104628537735849 0.23219854166666665 0.37230966981132074 0.3040154166666667 2 0.32514799528301885 0.20237854166666666 2
1 0.3891057783018868 0.21744833333333335 0.0996185141509434 0.1534366666666667 0.38936815852976403 0.21833802354435825 2 0.36382063679245286 0.26069479166666665 2
1 0.37990778301886796 0.09975708333333334 0.08499563679245284 0.15131916666666667 0.3801316487805715 0.10063449539036304 2 0.3704232311320755 0.049089999999999995 2
1 0.4449876179245283 0.0825 0.12063573113207547 0.165 0.45720070754716985 0.07408270833333333 2 0.40249316037735855 0.10240770833333333 2
1 0.28215825471698114 0.5984347916666667 0.11775884433962264 0.16229708333333334 0.28741875 0.6005952083333334 2 0.31099952830188676 0.5456114583333334 2
1 0.2858128537735849 0.16786916666666668 0.09865742924528302 0.11092833333333334 0.2911916273584906 0.15739166666666668 2 0.31854540094339623 0.169055 2
1 0.07441037735849057 0.48033750000000003 0.14882075471698114 0.30265854166666667 0.07480234890984633 0.4820924412904602 2 0.0921694575471698 0.6055939583333333 2
1 0.16106025943396227 0.6257279166666667 0.11703054245283019 0.2368775 0.1613685003333481 0.6271014318605277 2 0.15536603773584906 0.6905689583333333 2
1 0.06851415094339623 0.32951520833333336 0.13702830188679246 0.15430270833333332 0.01010813679245283 0.272358125 2 0.06858856132075472 0.3373389583333333 2
0 0.6607140330188679 0.7645581250000001 0.01651202830188679 0.026506250000000002 0.6607139785596716 0.764446196763258 2 0 0 0
0 0.7376424528301887 0.7422370833333333 0.015759433962264154 0.023813541666666667 0.7376424008531638 0.7421365256260252 2 0 0 0
0 0.5607260613207548 0.62783875 0.015538443396226415 0.02777 0.5607260100725905 0.6277214853120744 2 0 0 0