1 0.708417570754717 0.70654625 0.09307051886792453 0.19190770833333334 0.7086627045449301 0.7076590114619999 2 0.7326247641509435 0.7705454166666666 2
1 0.717842570754717 0.5632072916666666 0.09559080188679246 0.17141437499999998 0.7175907989169639 0.5622133591550997 2 0.7477163915094339 0.6255879166666667 2
1 0.7338869103773584 0.3747216666666667 0.08930165094339623 0.21805666666666665 0.7341221175346229 0.37598605076726443 2 0.7099871462264151 0.28235499999999997 2
1 0.6256424528301887 0.4924104166666667 0.11239422169811321 0.18684583333333335 0.6259384823559507 0.4934938272522772 2 0.5958558962264151 0.562273125 2
1 0.5920279481132076 0.343235 0.09632004716981132 0.23146999999999998 0.5917742555527337 0.34189283976138296 2 0.5637859669811321 0.25403 2
1 0.39429316037735845 0.526780625 0.07980978773584907 0.18893875000000002 0.3945033673902962 0.5278761711951182 2 0.3732529481132076 0.4623025 2
1 0.3938129716981132 0.1349614583333333 0.11734304245283018 0.16841041666666667 0.39350390772058863 0.13593797263332436 2 0.348728891509434 0.16072395833333333 2
1 0.29170825471698114 0.21328520833333334 0.09158349056603773 0.19509604166666666 0.29194947189763587 0.2144164570905657 2 0.28741875 0.2623610416666667 2
1 0.2888772405660377 0.6894695833333333 0.07460294811320754 0.24439604166666667 0.2890737335442064 0.6908866941883055 2 0.2694972877358491 0.7755439583333333 2
1 0.24748207547169812 0.6815485416666667 0.1006245283018868 0.17523625 0.2610081367924528 0.6755733333333332 2 0.28458903301886795 0.6122585416666666 2
1 0.09502853773584904 0.614055 0.12645224056603774 0.12689020833333334 0.0953615939752247 0.6147907627005437 2 0.053496816037735845 0.5822672916666666 2
1 0.0734497641509434 0.281820625 0.11536450471698113 0.24552541666666666 0.06481568396226416 0.28402125 2 0.03463219339622641 0.17072125000000002 2
1 0.9173620283018868 0.8238166666666668 0.09970990566037737 0.13653333333333334 0.9176246492412952 0.8246083442544572 2 0.8910878537735849 0.8488558333333334 2
1 0.8779793632075472 0.5617727083333333 0.11715436320754717 0.15228770833333333 0.8782879302322334 0.5626557364015716 2 0.8637340801886793 0.5756025 2
1 0.8339974056603773 0.6765477083333333 0.11785424528301887 0.15190479166666665 0.8343078160694987 0.6774285160899775 2 0.8137428066037736 0.7255587499999999 2
1 0.8341055424528302 0.7852797916666667 0.10641874999999999 0.126106875 0.833825251423463 0.7860110122716749 2 0.821288679245283 0.7538835416666667 2
1 0.9394129716981132 0.7248791666666666 0.12117405660377359 0.22190854166666665 0.929760495283019 0.7088968750000001 2 0.882598820754717 0.6305866666666666 2