1 0.6476917452830189 0.31410375 0.09423926886792452 0.19345916666666665 0.6479399573854709 0.3152255074687691 2 0.6769739386792453 0.269025625 2
1 0.5948583726415094 0.24078208333333334 0.0831129716981132 0.20676895833333334 0.5946394655373475 0.24198101656206822 2 0.5986856132075472 0.1590579166666667 2
1 0.6380225235849056 0.11975854166666666 0.08999268867924529 0.21131624999999998 0.638259550831941 0.12098384200158548 2 0.6166069575471698 0.030762083333333336 2
1 0.8341158018867925 0.7515366666666666 0.12940990566037736 0.15192666666666668 0.8344566481725069 0.7524176012637445 2 0.7986510613207547 0.7438866666666667 2
1 0.48460719339622643 0.30931375 0.11496898584905661 0.20720583333333334 0.4843043823277921 0.31051521641339913 2 0.5222837264150944 0.23736833333333335 2
1 0.377077712264151 0.229958125 0.08122181603773584 0.311750625 0.3772916383478937 0.2317657860067785 2 0.3940040094339623 0.34900229166666663 2
1 0.8454345518867924 0.2374460416666667 0.10677240566037736 0.16344125 0.8457157743921363 0.23839374265210697 2 0.8118563679245283 0.20571083333333334 2
1 0.30031533018867923 0.192454375 0.07672783018867925 0.18675791666666666 0.30051741978759583 0.19353727580786692 2 0.29307806603773584 0.13073291666666667 2
1 0.26387181603773585 0.08145833333333334 0.10746061320754717 0.16291666666666668 0.2635887808969135 0.08240299256436988 2 0.2770430424528302 0.030762083333333336 2
1 0.2348745283018868 0.40638270833333334 0.11562830188679246 0.20473458333333333 0.2351790759098961 0.4075698454017216 2 0.19498183962264154 0.36399791666666664 2
1 0.12627535377358493 0.44595875 0.11348702830188678 0.18391583333333333 0.12657426158806848 0.44702517121550145 2 0.10254492924528302 0.49229354166666667 2
1 0.13510860849056605 0.23637395833333336 0.1235192216981132 0.16141875 0.13478327738306467 0.23730993201466252 2 0.0921694575471698 0.2556352083333333 2
0 0.7265264150943396 0.6666816666666667 0.013060495283018869 0.024780625 0.7265263720188274 0.6665770252458088 2 0 0 0
0 0.3361247641509434 0.7114116666666667 0.013241981132075472 0.026967708333333333 0.33612472047686315 0.7112977898246869 2 0 0 0
0 0.007489858490566038 0.6706652083333334 0.014979599056603773 0.021951875 0.007489809085555955 0.6705725119065686 2 0 0 0