1 0.7044094339622642 0.7123754166666667 0.1152377358490566 0.14691583333333333 0.7047129528778979 0.7132272963483676 2 0.7458299528301887 0.7472189583333333 2
1 0.707939033018868 0.5563327083333333 0.08710082547169812 0.17849875 0.7077096225058691 0.5552976976412658 2 0.707157429245283 0.6105922916666666 2
1 0.5008883254716981 0.46137520833333334 0.09303466981132076 0.21141645833333333 0.49775966981132075 0.46730104166666664 2 0.5307727594339623 0.4972920833333333 2
1 0.3822679245283019 0.4942827083333333 0.12744516509433962 0.15393437499999998 0.38260359598199006 0.495175284466229 2 0.32703443396226417 0.51562 2
1 0.391936320754717 0.24140416666666667 0.11282547169811322 0.168025 0.3922334861283106 0.24237844615901397 2 0.3440127358490566 0.24736541666666667 2
1 0.7217424528301887 0.24453291666666666 0.10651509433962264 0.22426770833333334 0.7220229976160992 0.24583331499444463 2 0.7628082547169811 0.13739770833333334 2
1 0.6600643867924528 0.1299641666666667 0.09795908018867924 0.19507166666666667 0.6598063772647901 0.13109527408741561 2 0.6430176886792452 0.1723872916666667 2
1 0.8610007075471698 0.639885625 0.14167771226415096 0.1418954166666667 0.8561882075471698 0.6422497916666666 2 0.8090265330188678 0.6255879166666667 2
1 0.8632404481132075 0.41741645833333335 0.1254057783018868 0.120166875 0.8635707481279028 0.4181132363245368 2 0.8458127358490566 0.42897874999999996 2
1 0.8554584905660377 0.2841052083333333 0.13625271226415095 0.15345625000000002 0.8558173597782265 0.28499501209674666 2 0.8033672169811321 0.2506977083333333 2
1 0.8539228773584906 0.17703791666666666 0.07092783018867925 0.1592575 0.8541096906271521 0.17796135851313294 2 0.8269481132075471 0.10407395833333334 2
1 0.29878325471698114 0.20932604166666666 0.09630129716981133 0.17384812500000002 0.2990368978927667 0.2103340860825008 2 0.2694972877358491 0.18071812499999998 2
1 0.2303931603773585 0.08979166666666667 0.1010061320754717 0.17958333333333334 0.23271120283018867 0.08241375 2 0.19026568396226415 0.030762083333333336 2
1 0.2510291273584906 0.5611483333333334 0.12341332547169812 0.15770354166666667 0.25135417955121137 0.5620627646769808 2 0.2723268867924528 0.533948125 2
1 0.07912735849056603 0.31889500000000004 0.15825471698113205 0.196376875 0.07954417768384608 0.3200336755666344 2 0.01010813679245283 0.24736541666666667 2
0 0.6514312499999999 0.39597645833333334 0.017301061320754717 0.024238541666666665 0.6514313070615477 0.3960788106928693 2 0 0 0
0 0.33604634433962266 0.7111268749999999 0.013878066037735849 0.025904375 0.33604629856763707 0.7110174883075159 2 0 0 0
0 0.00794693396226415 0.6698985416666667 0.015893985849056602 0.0249125 0.007946881541466493 0.6697933433757792 2 0 0 0
0 0.005246580188679245 0.5888404166666666 0.010493042452830188 0.022096666666666667 0.005246545581019439 0.5887471088265204 2 0 0 0