1 0.47836662735849056 0.5538579166666667 0.09326662735849058 0.159784375 0.47861227766906017 0.5547844135555823 2 0.4524845518867925 0.49062750000000005 2
1 0.381313679245283 0.5807289583333334 0.1253633254716981 0.16020874999999998 0.3809834910449765 0.5816579159266654 2 0.32609127358490564 0.6105922916666666 2
1 0.46032558962264153 0.3522270833333333 0.08925436320754718 0.24637916666666668 0.46056067223110075 0.35365569317963563 2 0.4553141509433962 0.2573622916666667 2
1 0.3610431603773585 0.25973708333333334 0.1227248820754717 0.19802604166666665 0.36136639931340986 0.2608853214606748 2 0.31948856132075476 0.1790520833333333 2
1 0.6429751179245282 0.08633333333333333 0.0942384433962264 0.17266666666666666 0.6432233278528116 0.08733452715773624 2 0.6118908018867926 0.06837125 2
1 0.42577830188679244 0.206134375 0.1276885613207547 0.14556458333333333 0.42611461440964227 0.20697841956690224 2 0.37513938679245284 0.24498625000000002 2
1 0.3848608490566038 0.15947416666666667 0.09867452830188679 0.13888520833333334 0.38512074296731097 0.16027948141310053 2 0.34306945754716983 0.15168020833333334 2
1 0.37236202830188675 0.07279166666666666 0.1000873820754717 0.14558333333333331 0.37262564345756766 0.07363581995394074 2 0.33646686320754715 0.07170354166666668 2
1 0.29324068396226416 0.20176645833333332 0.08144316037735849 0.23346708333333333 0.2934551930338056 0.20312019849955743 2 0.2864754716981132 0.111691875 2
1 0.22555813679245285 0.08424999999999999 0.0894496462264151 0.16849999999999998 0.2223356132075472 0.0700375 2 0.20347099056603773 0 2
1 0.17426709905660379 0.38756625 0.12835247641509434 0.14520104166666667 0.174605160232254 0.3884081865996923 2 0.12140966981132076 0.36328479166666666 2
1 0.11000235849056603 0.24550666666666665 0.09414622641509433 0.187653125 0.11025032553314953 0.24659475826828775 2 0.09028301886792453 0.30496854166666665 2
1 0.04610849056603774 0.5725425000000001 0.09221698113207548 0.191915 0.03085931603773585 0.56655875 2 0 0.56655875 2
1 0.280859787735849 0.6623210416666667 0.08497853773584907 0.19152458333333333 0.28108360846120156 0.6634315816090682 2 0.27044044811320755 0.7131825 2
0 0.7319553066037735 0.7401916666666666 0.016710849056603774 0.023534999999999997 0.7319552514888359 0.740092285160353 2 0 0 0