1 0.709833608490566 0.7027941666666667 0.11854033018867924 0.157745 0.7062142688679245 0.707230625 2 0.7524325471698113 0.7172277083333333 2
1 0.8644079009433963 0.6455097916666667 0.14579693396226415 0.14314708333333334 0.8640238936824683 0.646339818553624 2 0.8118563679245283 0.6472483333333333 2
1 0.6941404481132075 0.5226089583333333 0.12601674528301887 0.11394854166666667 0.6938085389031021 0.5232696798172121 2 0.6533931603773585 0.5106216666666666 2
1 0.6296505896226415 0.20703645833333334 0.09022700471698114 0.19926041666666666 0.6298882340229831 0.20819185388515543 2 0.65245 0.242366875 2
1 0.39736049528301887 0.23390395833333333 0.11612794811320755 0.14969208333333334 0.3976663588842636 0.234771935878094 2 0.348728891509434 0.20404479166666667 2
1 0.37295283018867925 0.40866979166666667 0.12956603773584904 0.14599395833333334 0.37329408770286754 0.40951632593008447 2 0.3232615566037736 0.43897583333333334 2
1 0.26789009433962263 0.4049214583333333 0.10620082547169811 0.16182375 0.2681698113884615 0.40585978037469467 2 0.24120023584905662 0.34567000000000003 2
1 0.30326379716981133 0.25723541666666666 0.09205719339622641 0.16969604166666666 0.3035062620126862 0.25821938556015483 2 0.28458903301886795 0.2523639583333333 2
1 0.280623820754717 0.10958333333333334 0.08073349056603774 0.21916666666666668 0.2808364606623946 0.11085415367994515 2 0.2525189858490566 0.014100416666666667 2
1 0.20256533018867923 0.07729166666666668 0.10005801886792452 0.15458333333333335 0.20282886800607458 0.0781880057324328 2 0.216676179245283 0.025763541666666667 2
1 0.7186758254716981 0.25786479166666665 0.08906332547169811 0.23093729166666668 0.7189104049154084 0.2592038630387188 2 0.7260220518867925 0.18571666666666667 2
1 0.7186669811320755 0.09952520833333334 0.11846591981132076 0.169050625 0.7147033018867924 0.094076875 2 0.759035141509434 0.14406229166666668 2
1 0.8525088443396227 0.171415 0.09262382075471698 0.17467020833333333 0.8527528015939906 0.17242781120013806 2 0.821288679245283 0.10574020833333334 2
1 0.8783330188679246 0.3424347916666666 0.11408867924528303 0.22013020833333333 0.8786335113407718 0.34371119903238784 2 0.9165551886792452 0.415649375 2
1 0.8658239386792453 0.43906104166666665 0.12032724056603773 0.13978875000000002 0.865507014771389 0.43825048780631337 2 0.8665639150943396 0.45897 2
0 0.6513159198113209 0.39452125000000005 0.017172877358490567 0.018298958333333334 0.6513158631725432 0.39444397878508025 2 0 0 0
0 0.33649917452830186 0.7107122916666667 0.011737853773584906 0.025258333333333334 0.33649913581506385 0.7106056330215154 2 0 0 0
0 0.00774752358490566 0.6705041666666667 0.01549504716981132 0.025910208333333334 0.007747472479868818 0.6703947553417009 2 0 0 0
0 0.0045461084905660375 0.5905064583333334 0.009092099056603773 0.025278125 0.004546078503431945 0.5903997161136909 2 0 0 0