1 0.5306025943396226 0.7096687500000001 0.09020990566037737 0.16482916666666667 0.5308401937036132 0.7106244987089662 2 0.5515239386792453 0.765546875 2
1 0.6511028301886793 0.6957147916666667 0.09890389150943397 0.19690375000000002 0.6533931603773585 0.7055645833333333 2 0.613777358490566 0.7622145833333334 2
1 0.7230380896226415 0.6988397916666667 0.07326356132075472 0.20315375 0.7232310548568479 0.7000177623997031 2 0.7354543632075472 0.7622145833333334 2
1 0.5143304245283019 0.5307375 0.08973537735849058 0.1768583333333333 0.5145667740559037 0.5317629988675339 2 0.5166242924528301 0.4639685416666667 2
1 0.3924083726415094 0.5115727083333333 0.12131533018867924 0.16518791666666666 0.3927278990292617 0.5125305372254143 2 0.3374100235849056 0.5406127083333333 2
1 0.3814333726415094 0.3869825 0.08550825471698113 0.17729854166666667 0.38120815672106284 0.38595444861973566 2 0.3874014150943396 0.43730979166666667 2
1 0.38073384433962265 0.101424375 0.09985294811320754 0.16465125 0.38099684203140166 0.10237909207343758 2 0.34306945754716983 0.08241375 2
1 0.6292970518867925 0.098125 0.09329268867924528 0.19625 0.6269826650943395 0.077415 2 0.6194367924528302 0 2
1 0.29041096698113206 0.7173739583333333 0.08710259433962264 0.13691895833333334 0.28553219339622643 0.710563125 2 0.29213490566037736 0.7322233333333333 2
1 0.2294422169811321 0.704854375 0.0763371462264151 0.15470875 0.2292411563851867 0.7039573087157466 2 0.2317679245283019 0.7538835416666667 2
1 0.27744127358490567 0.5817718749999999 0.1083248820754717 0.17895645833333335 0.2777265850803238 0.5828095396771449 2 0.2777265850803238 0.619148511687793 2
1 0.24666615566037736 0.08663375000000001 0.12034693396226415 0.14839916666666667 0.24698313143768616 0.08749423067111897 2 0.19403856132075473 0.07075041666666666 2
1 0.2498498820754717 0.30160729166666667 0.12105483490566038 0.218451875 0.2525189858490566 0.3173447916666667 2 0.27044044811320755 0.23236979166666666 2
1 0.27060271226415095 0.212866875 0.11728514150943396 0.17093291666666666 0.27091162373927324 0.2138580158140184 2 0.28081603773584907 0.240700625 2
1 0.1818126179245283 0.26744333333333337 0.10382771226415095 0.18677979166666667 0.18208608454904107 0.2685263609816341 2 0.14216084905660378 0.19738 2