1 0.7480275943396226 0.5346979166666667 0.1182251179245283 0.214770625 0.7439435141509434 0.532281875 2 0.7967645047169811 0.443974375 2
1 0.548988679245283 0.660300625 0.10693962264150943 0.15939895833333334 0.5524672169811321 0.6639102083333334 2 0.5732182783018868 0.6439158333333334 2
1 0.5086620283018868 0.6098918750000001 0.106475 0.168549375 0.5034189858490565 0.60726 2 0.5486942216981132 0.5872658333333334 2
1 0.6710307783018867 0.4261695833333333 0.0892314858490566 0.17766104166666666 0.672257783018868 0.43730979166666667 2 0.6392445754716981 0.45897 2
1 0.4547841981132075 0.3051470833333333 0.10269575471698113 0.19887249999999998 0.4550546833312849 0.30630022958146214 2 0.48927051886792455 0.387324375 2
1 0.533778537735849 0.248905625 0.08831179245283019 0.20302208333333333 0.5373754716981132 0.2523639583333333 2 0.5317160377358491 0.1590579166666667 2
1 0.5851977594339622 0.0991325 0.11073643867924528 0.15673499999999999 0.5845371462264151 0.09907541666666667 2 0.53831875 0.057421041666666665 2
1 0.3879172169811321 0.19932645833333332 0.11970235849056603 0.16051374999999998 0.40249316037735855 0.19404770833333332 2 0.3440127358490566 0.17072125000000002 2
1 0.40666627358490565 0.06375 0.10295518867924527 0.1275 0.40639510505667537 0.0644892985286373 2 0.4487115566037736 0.012434166666666666 2
1 0.27649728773584903 0.6525941666666667 0.09134504716981132 0.170645 0.2767378768923542 0.653583638018975 2 0.2506326650943396 0.7155614583333333 2
1 0.2780305424528302 0.5015720833333334 0.10007099056603774 0.135189375 0.2782941144357332 0.5023559680864698 2 0.2864754716981132 0.5456114583333334 2
1 0.2516179245283019 0.37096979166666666 0.10572629716981133 0.18389395833333333 0.25189639174075196 0.37203608604173427 2 0.26761073113207545 0.43231125 2
1 0.29335860849056605 0.274108125 0.08356568396226415 0.1734504166666667 0.2935787079709449 0.2751138633359466 2 0.26383785377358493 0.3223433333333333 2
1 0.22968466981132077 0.161003125 0.07883808962264151 0.22049375000000002 0.2317679245283019 0.1790520833333333 2 0.22516521226415095 0.062419583333333334 2
1 0.12273926886792452 0.3009779166666667 0.14414410377358491 0.157210625 0.13084198113207546 0.30234916666666667 2 0.059156249999999994 0.240700625 2
1 0.2065742924528302 0.5440716666666667 0.09675707547169811 0.21685645833333334 0.20535742924528302 0.5556083333333334 2 0.18554952830188678 0.4506391666666667 2
1 0.10198490566037735 0.6811314583333333 0.1101811320754717 0.16773708333333334 0.10227510623993959 0.6821040683639706 2 0.09499917452830188 0.7372218749999999 2
1 0.12049669811320755 0.5488604166666666 0.09438396226415094 0.186445625 0.12074529131636756 0.54994150667634 2 0.12074529131636756 0.5878012319496402 2
0 0.32920318396226417 0.7021712499999999 0.01831438679245283 0.019418541666666667 0.3292031235586138 0.7020892511080838 2 0 0 0
0 0.04097983490566038 0.5632279166666667 0.017665330188679246 0.03271416666666667 0.04097977664269801 0.5630897741911567 2 0 0 0