1 0.7179682783018867 0.7052958333333332 0.08576155660377359 0.18607479166666666 0.718194161381519 0.7063747730956521 2 0.7401705188679245 0.7638808333333333 2
1 0.38780931603773583 0.66405125 0.11400389150943395 0.17689749999999999 0.38810958519240135 0.6650769759723106 2 0.34778561320754714 0.7005660416666667 2
1 0.714194929245283 0.3907625 0.0838742924528302 0.24014145833333334 0.7144158415541483 0.3921549409945933 2 0.7165897405660377 0.29235208333333335 2
1 0.5396739386792453 0.36492958333333336 0.09538573113207548 0.19180770833333333 0.5394227069671085 0.36604176495334995 2 0.5685021226415095 0.297350625 2
1 0.3944123820754717 0.37388375 0.11023172169811321 0.15306604166666665 0.39470271590051376 0.3747712911716745 2 0.34684233490566035 0.3773272916666667 2
1 0.43532747641509434 0.18808270833333335 0.08264693396226415 0.22466770833333335 0.44022240566037735 0.16572250000000002 2 0.43550625 0.269025625 2
1 0.371175 0.10535479166666667 0.0815009433962264 0.210709375 0.37136639150943396 0.10407395833333334 2 0.3581612028301887 0 2
1 0.6374244103773584 0.233279375 0.10928278301886793 0.15510791666666668 0.6371365759144985 0.23417875582016992 2 0.5967991745283019 0.26069479166666665 2
1 0.62186875 0.085625 0.10107382075471698 0.17125 0.6221349632872395 0.08661797939630694 2 0.5769912735849057 0.08241375 2
1 0.2937126179245283 0.35326625 0.08993313679245284 0.21513416666666665 0.29394948832082396 0.3545136882186375 2 0.28553219339622643 0.2673595833333334 2
1 0.2048057783018868 0.285149375 0.10265247641509434 0.188868125 0.20507614953140688 0.2862445116817175 2 0.16951462264150943 0.20737708333333332 2
1 0.2905293632075472 0.12475833333333333 0.09865813679245282 0.21798354166666664 0.2907892139454765 0.12602229342448087 2 0.255348820754717 0.047423958333333335 2
1 0.2638698113207547 0.06286708333333334 0.1546264150943396 0.125734375 0.2525189858490566 0.047423958333333335 2 0.3223182783018868 0.04409145833333334 2
0 0.6561906839622642 0.6902635416666667 0.019365683962264152 0.026342708333333336 0.6561906200912748 0.6901523040191397 2 0 0 0