1 0.6360196933962264 0.5003241666666667 0.12937570754716982 0.16268500000000002 0.6363604496092389 0.5012674825971087 2 0.5911397405660377 0.48896125 2
1 0.5680991745283019 0.327229375 0.08597146226415095 0.22970770833333332 0.5683256104679669 0.3285613167316665 2 0.53831875 0.23070354166666668 2
1 0.5034819575471698 0.34972291666666666 0.08313030660377359 0.18472104166666667 0.5037009103088739 0.3507940068181374 2 0.48927051886792455 0.28235499999999997 2
1 0.43260801886792455 0.2870264583333333 0.08880106132075472 0.22261375 0.43237413018865983 0.2883172663163092 2 0.446825 0.19404770833333332 2
1 0.4148009433962264 0.1588929166666667 0.13573396226415094 0.15028583333333334 0.41444344049374804 0.15802149631013052 2 0.46474646226415095 0.13073291666666667 2
1 0.6106670990566038 0.2559839583333333 0.10696757075471698 0.14719895833333335 0.61094883559754 0.2568374796926492 2 0.5694454009433962 0.19904624999999998 2
1 0.5854341981132075 0.117255625 0.12441450471698114 0.16632229166666665 0.5857618872619275 0.11822003147457842 2 0.5411483490566038 0.12740041666666665 2
1 0.6616069575471698 0.04916666666666667 0.12772936320754716 0.09833333333333334 0.6647119103773586 0.01909875 2 0.6128340801886792 0 2
1 0.07899280660377359 0.36618333333333336 0.1396557783018868 0.247633125 0.07896415094339623 0.3939889583333333 2 0.019540448113207546 0.25569625 2
1 0.17391226415094338 0.12537791666666667 0.10311875 0.14591083333333332 0.16574162735849057 0.10907249999999999 2 0.15913891509433964 0.16405645833333335 2
1 0.15068349056603775 0.04708333333333334 0.10948219339622642 0.09416666666666668 0.1506498820754717 0.038971041666666664 2 0.10820436320754717 0 2
0 0.7082719339622642 0.7295866666666666 0.016697287735849057 0.02731604166666667 0.7082718788920539 0.7294713189136453 2 0 0 0
0 0.7092793632075471 0.6509235416666667 0.01971933962264151 0.026694583333333334 0.7092792981701473 0.6508108181526627 2 0 0 0
0 0.3100744103773585 0.5638666666666666 0.01833502358490566 0.022715833333333334 0.31007434990564486 0.5637707442645491 2 0 0 0