1 0.725278537735849 0.7242520833333334 0.07585790094339623 0.1939958333333333 0.7254783360715846 0.7253769526207459 2 0.7316814858490567 0.7888735416666666 2
1 0.662894929245283 0.7129766666666666 0.08475212264150943 0.17512 0.6626717048633367 0.7119612473856081 2 0.6911224056603774 0.7588822916666668 2
1 0.8397742924528302 0.7265427083333333 0.0992248820754717 0.18524791666666665 0.8400356359128481 0.7276168535272532 2 0.8524153301886793 0.8022029166666667 2
1 0.8608811320754717 0.343059375 0.10182252358490566 0.21471458333333335 0.8611493173336935 0.34430438029831606 2 0.8646774764150943 0.27735645833333333 2
1 0.39700566037735846 0.3545129166666667 0.09089433962264151 0.170974375 0.39724506243777064 0.3555042978735073 2 0.36099080188679245 0.28735375 2
1 0.4263667452830189 0.2120314583333333 0.10056839622641509 0.139270625 0.4266316273578423 0.21283900788741092 2 0.4373926886792453 0.22070645833333333 2
1 0.3736575471698113 0.11996583333333333 0.06683573113207547 0.19840166666666667 0.3738335824631927 0.12111624949212432 2 0.36476379716981133 0.03909291666666667 2
1 0.21058443396226417 0.5786785416666667 0.1217556603773585 0.141893125 0.2109051201137033 0.5795012975767548 2 0.21384646226415094 0.5510527083333333 2
1 0.2886424528301887 0.3837075 0.09299799528301887 0.14850166666666667 0.28888739560415444 0.3845685750091518 2 0.3062833726415094 0.42775541666666667 2
1 0.3005517688679245 0.202488125 0.09040589622641508 0.20260729166666666 0.3007898844416761 0.20366292713819883 2 0.31382924528301887 0.11118145833333333 2
1 0.21247087264150943 0.174158125 0.0972314858490566 0.17593874999999998 0.21272696579478875 0.17517829173729635 2 0.24591639150943398 0.2361447916666667 2
1 0.10823384433962265 0.263725625 0.10004162735849056 0.15513229166666667 0.10849733898424017 0.26462514715665336 2 0.06858856132075472 0.201155 2
1 0.2176582547169811 0.32121979166666664 0.09817393867924527 0.19014395833333333 0.20913030660377357 0.32111999999999996 2 0.25629198113207546 0.30112583333333337 2
0 0.654301533018868 0.36716541666666663 0.014983490566037736 0.021672708333333335 0.6543015824367128 0.36725693425324246 2 0 0 0
0 0.33633962264150946 0.7107589583333334 0.01287558962264151 0.026432916666666664 0.3363395801758445 0.7106473397620737 2 0 0 0
0 0.007879599056603773 0.672089375 0.015759198113207546 0.026052291666666668 0.007879547080356696 0.671979363698162 2 0 0 0