1 0.7138409198113207 0.7050875 0.07750683962264152 0.18232520833333332 0.7140450612042691 0.7061446981039554 2 0.7260220518867925 0.7772102083333333 2
1 0.5918004716981132 0.6780064583333334 0.0975311320754717 0.16148708333333334 0.5920573540746191 0.6789428282400178 2 0.5562400943396226 0.7222264583333333 2
1 0.6812981132075472 0.5505304166666666 0.11429044811320754 0.23310604166666668 0.6732010613207547 0.5589408333333333 2 0.6854630896226415 0.44897291666666667 2
1 0.6584216981132075 0.30889291666666663 0.08928867924528303 0.14971416666666665 0.6586568711049642 0.30976102225986524 2 0.6354716981132076 0.31901104166666666 2
1 0.5705748820754717 0.3568072916666667 0.07394457547169811 0.21221895833333332 0.5707696409988295 0.3580378262834884 2 0.5873667452830189 0.25569625 2
1 0.6657343160377358 0.112465625 0.13598408018867925 0.18006875000000003 0.6660924777133208 0.11350973921120436 2 0.6090612028301886 0.18071812499999998 2
1 0.5344935141509434 0.24557458333333332 0.08478655660377359 0.22635104166666667 0.5336025943396226 0.25403 2 0.5336025943396226 0.14406229166666668 2
1 0.45690589622641514 0.2895270833333334 0.08430141509433962 0.23427937499999998 0.45712793351226855 0.29088553350766716 2 0.467576179245283 0.18738291666666665 2
1 0.4029022405660377 0.215990625 0.11211992924528301 0.16051854166666668 0.4090957547169812 0.21570791666666667 2 0.3553314858490566 0.150726875 2
1 0.38403478773584904 0.079375 0.08381721698113208 0.15875 0.3842555497164807 0.08029549914840133 2 0.36099080188679245 0 2
1 0.2702490566037736 0.1966175 0.1203509433962264 0.14509854166666666 0.27056604294133024 0.1974588422616595 2 0.29590778301886794 0.1590579166666667 2
1 0.2576313679245283 0.07625 0.100775 0.1525 0.25723525943396225 0.09074458333333334 2 0.28458903301886795 0.010767916666666665 2
1 0.25397724056603777 0.3547227083333333 0.12930955188679244 0.191388125 0.27892959905660375 0.35066854166666667 2 0.195925 0.39565520833333334 2
1 0.12521450471698112 0.05333333333333334 0.12268419811320753 0.10666666666666667 0.09971533018867924 0.024036458333333333 2 0.1742307783018868 0.05569375 2
1 0.2624650943396227 0.4980310416666667 0.08403195754716981 0.13810458333333334 0.2534622641509434 0.472299375 2 0.2525189858490566 0.43897583333333334 2
1 0.09961662735849057 0.225368125 0.12093136792452831 0.21259708333333333 0.10726108490566039 0.22897645833333333 2 0.13838785377358492 0.13733666666666666 2
1 0.22331768867924529 0.6430118749999999 0.08685518867924528 0.16480979166666668 0.2235464522217676 0.6439675113645819 2 0.24497323113207548 0.6855704166666666 2
1 0.14501462264150944 0.6321560416666667 0.09616143867924529 0.16347875 0.14476134783201536 0.6312081232404826 2 0.16857122641509434 0.6639102083333334 2
1 0.04891438679245283 0.5890341666666666 0.09782877358490566 0.20640166666666668 0.03085931603773585 0.592264375 2 0 0.5889320833333334 2
0 0.6031270047169811 0.39948041666666667 0.014821816037735849 0.028171666666666664 0.6031269558323636 0.3993614558564394 2 0 0 0
0 0.32562570754716985 0.7013679166666668 0.0181623820754717 0.029084375 0.3256256476448543 0.701245101752807 2 0 0 0