1 0.5432198113207547 0.6209331250000001 0.10035271226415095 0.1839670833333333 0.5515239386792453 0.618923125 2 0.5081352594339623 0.562273125 2
1 0.5859037735849056 0.4784552083333333 0.07630554245283018 0.20225604166666666 0.5861048349056605 0.47962812499999996 2 0.5901965801886793 0.45563770833333334 2
1 0.4712932783018868 0.6942510416666666 0.1262814858490566 0.12066458333333333 0.4716258847989436 0.6949507055797409 2 0.5166242924528301 0.69723375 2
1 0.44664917452830194 0.5773977083333333 0.12604127358490566 0.18353770833333333 0.4553141509433962 0.5672716666666666 2 0.4043795990566038 0.5239510416666666 2
1 0.44051568396226415 0.39159333333333335 0.08170448113207547 0.205146875 0.44073088131348687 0.39278286104189836 2 0.4156983490566038 0.4639685416666667 2
1 0.3970053066037736 0.30993708333333336 0.08146108490566037 0.18512583333333332 0.3977770047169812 0.3240095833333333 2 0.3807987028301887 0.23403583333333333 2
1 0.42377264150943394 0.16204354166666668 0.10103950471698113 0.20591291666666667 0.424038764413376 0.16323751120642413 2 0.38457169811320757 0.095743125 2
1 0.3082160377358491 0.272441875 0.08686981132075472 0.17678270833333334 0.3084448397922164 0.2734669353620341 2 0.31854540094339623 0.20904333333333333 2
1 0.2812134433962264 0.484285625 0.0819127358490566 0.17392854166666666 0.28142918925914456 0.48529413570542895 2 0.27892959905660375 0.41231708333333333 2
1 0.23769563679245284 0.34156875000000003 0.08812724056603773 0.22813770833333333 0.2393137971698113 0.3656639583333333 2 0.24402995283018866 0.24569916666666666 2
1 0.12014433962264151 0.4994922916666667 0.12574905660377358 0.18101520833333332 0.1289555424528302 0.48562895833333336 2 0.13650141509433963 0.5522760416666667 2
1 0.056132075471698115 0.7523697916666666 0.11226415094339623 0.150260625 0.03368903301886793 0.7572160416666667 2 0 0.7638808333333333 2
1 0.1167123820754717 0.27056729166666665 0.16219834905660377 0.176365625 0.11628517594667623 0.27158993360442896 2 0.1751739386792453 0.210709375 2
1 0.5732877358490567 0.10350645833333334 0.09446214622641509 0.15215354166666667 0.573536534977049 0.10438870844691076 2 0.5336025943396226 0.06075333333333333 2
0 0.334247641509434 0.7260495833333334 0.014401297169811322 0.027436458333333334 0.334247594011752 0.7259337270955141 2 0 0 0
0 0.04468950471698113 0.589491875 0.016098466981132077 0.023779166666666667 0.04468945162177341 0.5893914624483868 2 0 0 0