1 0.8888294811320755 0.78028625 0.16149198113207547 0.20276104166666667 0.8892548267936818 0.781461943645248 2 0.8307209905660378 0.7038983333333333 2
1 0.857334787735849 0.22474125 0.10900825471698113 0.211343125 0.8570476763393691 0.22596670616745182 2 0.8844852594339623 0.14239604166666667 2
1 0.9446933962264151 0.2170335416666667 0.11061320754716981 0.17926625 0.9882409198113207 0.18738291666666665 2 0.9014634433962264 0.28235499999999997 2
1 0.7166633254716981 0.4155466666666667 0.0979492924528302 0.18640666666666666 0.7164053417234639 0.41662753077956743 2 0.7458299528301887 0.35066854166666667 2
1 0.7152561320754717 0.2555716666666667 0.08411025943396228 0.206356875 0.7154776658859806 0.25676821046322895 2 0.7458299528301887 0.16572250000000002 2
1 0.6486340801886792 0.31577104166666664 0.07348643867924529 0.20679104166666665 0.6488276324484262 0.31697010294383954 2 0.6694280660377357 0.272358125 2
1 0.6027582547169812 0.24828 0.09183738207547171 0.19177354166666666 0.602516368824163 0.24939198350733907 2 0.6269826650943395 0.1723872916666667 2
1 0.3789646226415095 0.17746 0.08688207547169811 0.23341333333333333 0.3791934569998113 0.1788134285011581 2 0.3789122641509434 0.25569625 2
1 0.4548941037735849 0.12163208333333334 0.0838448113207547 0.19506916666666668 0.456257429245283 0.08574604166666666 2 0.44399540094339623 0.1590579166666667 2
1 0.2782678066037736 0.42325312499999995 0.13261533018867924 0.17516062500000001 0.27861709549702285 0.42426877984186423 2 0.3062833726415094 0.35733312500000003 2
1 0.2665936320754717 0.23244520833333335 0.12058620283018867 0.14010979166666668 0.2669112380510988 0.23325762372805367 2 0.20913030660377357 0.18571666666666667 2
1 0.19796639150943396 0.26535770833333333 0.09274646226415094 0.14928479166666667 0.19821067178314694 0.26622332423001643 2 0.1619686320754717 0.20904333333333333 2
1 0.2894682783018868 0.07625 0.10219516509433962 0.1525 0.2897374450419646 0.07713425902444852 2 0.3015672169811321 0.030762083333333336 2
1 0.2142385613207547 0.09705041666666667 0.09322099056603773 0.1692325 0.21448409143085648 0.09803169775096165 2 0.22139245283018869 0.14572854166666668 2
0 0.7272916273584905 0.6670089583333334 0.014211320754716981 0.022967291666666667 0.7272915804873799 0.6669119740953143 2 0 0 0
0 0.33639292452830183 0.70994 0.013257193396226417 0.025001041666666668 0.3363928808040493 0.7098344278232317 2 0 0 0
0 0.007609787735849057 0.668851875 0.015219575471698114 0.023428541666666667 0.0076097375393600316 0.6687529430364748 2 0 0 0
0 0.005086084905660377 0.5889877083333332 0.010172287735849056 0.024024375 0.0050860513558987136 0.5888862603377631 2 0 0 0