1 0.7262241745283019 0.7188339583333333 0.13057040094339623 0.16316541666666667 0.7265680773845686 0.7197800599213032 2 0.771297287735849 0.7372218749999999 2
1 0.51433125 0.6203097916666667 0.12746639150943395 0.20271458333333334 0.5146669773608825 0.6214852159269934 2 0.5552968160377358 0.63391875 2
1 0.7256239386792454 0.5707306249999999 0.11587063679245284 0.16353874999999998 0.7253187527974341 0.571678891331374 2 0.7646946933962264 0.5256172916666667 2
1 0.7122995283018868 0.4680375 0.11988207547169812 0.16475854166666667 0.7119837768921338 0.4689928391955654 2 0.7618649764150943 0.43231125 2
1 0.5955733490566038 0.33014458333333335 0.08998537735849056 0.21554395833333334 0.5958103570467166 0.33139439769609796 2 0.6052882075471698 0.23736833333333335 2
1 0.685072287735849 0.31285104166666666 0.1350439858490566 0.15429791666666667 0.6854279733439161 0.31374572576677223 2 0.7382840801886792 0.34567000000000003 2
1 0.36894221698113205 0.10229166666666667 0.09513431603773585 0.20458333333333334 0.36476379716981133 0.094076875 2 0.33269386792452826 0 2
1 0.837888679245283 0.7457039583333334 0.12186403301886792 0.146925625 0.8382096508340087 0.7465558947912284 2 0.8165725235849056 0.7588822916666668 2
1 0.8329357311320755 0.6348858333333334 0.10818514150943397 0.13522833333333334 0.8332206745717976 0.6356699439832424 2 0.8014806603773585 0.6472483333333333 2
1 0.8482650943396226 0.53073375 0.11997924528301887 0.126865625 0.8485811016800875 0.5314693701560561 2 0.8118563679245283 0.5506097916666667 2
1 0.9464872641509434 0.8031991666666667 0.10702558962264151 0.19860166666666668 0.9467691535048776 0.8043507425094242 2 0.9806949292452829 0.8538543749999999 2
1 0.9455438679245283 0.5930227083333333 0.1089121462264151 0.21478770833333333 0.9458307261856561 0.5942681376410996 2 0.9684330188679244 0.6555791666666667 2
1 0.27720530660377357 0.3182716666666667 0.1021935141509434 0.185133125 0.27747446899551403 0.31934514625030996 2 0.2751566037735849 0.24736541666666667 2
1 0.2173047169811321 0.06375 0.10123962264150944 0.1275 0.2175713669656785 0.0644892985286373 2 0.17045778301886794 0.020765 2
1 0.17969009433962263 0.31243625 0.1033556603773585 0.18012729166666666 0.17996231765025264 0.3134807036603654 2 0.1374445754716981 0.3656639583333333 2
1 0.11755023584905659 0.459086875 0.12622028301886792 0.2534929166666667 0.11788268114703643 0.4605567333553855 2 0.07424799528301887 0.35233458333333334 2
1 0.1465564858490566 0.584898125 0.11066061320754716 0.20187062500000003 0.14684794931001963 0.586068655635589 2 0.10348820754716981 0.505623125 2