1 0.8178415094339622 0.7419616666666666 0.08176969339622642 0.246076875 0.8180568785445097 0.7433885236989738 2 0.8354371462264151 0.8155322916666666 2
1 0.8986145047169811 0.6707147916666667 0.12069540094339623 0.14690375 0.9005201650943396 0.6789056250000001 2 0.893917570754717 0.6872364583333332 2
1 0.8325808962264151 0.3951341666666667 0.08295141509433962 0.20223166666666667 0.832799377814709 0.3963067907734159 2 0.8052536556603773 0.3173447916666667 2
1 0.9165372641509434 0.28806812499999995 0.11315188679245283 0.22469708333333335 0.9168352892529475 0.2893710130242935 2 0.9523979952830189 0.36399791666666664 2
1 0.7251608490566038 0.26411104166666666 0.08316875 0.1934445833333333 0.7253799030724487 0.2652327145751466 2 0.707157429245283 0.19238145833333334 2
1 0.6548770047169811 0.27056833333333336 0.07815035377358491 0.19302979166666667 0.6546711684042578 0.2716876011055869 2 0.6467905660377358 0.19904624999999998 2
1 0.6558198113207547 0.11059208333333334 0.08946992924528303 0.19631583333333333 0.6555841609436776 0.11173040495475715 2 0.636414858490566 0.14739458333333333 2
1 0.5850790094339623 0.09955208333333333 0.08974764150943396 0.1975625 0.5853153912634985 0.1006976336514816 2 0.6147205188679246 0.02909583333333333 2
1 0.5254143867924528 0.3066095833333333 0.09115235849056605 0.2584475 0.5256544684358717 0.3081081704429803 2 0.5185108490566038 0.18571666666666667 2
1 0.40419952830188677 0.3705489583333333 0.11660082547169812 0.12640229166666667 0.404506637391183 0.3712818918882004 2 0.3591043632075472 0.3390052083333333 2
1 0.4181128537735849 0.23223770833333335 0.1029252358490566 0.15302458333333335 0.41838394341055213 0.23312500911218562 2 0.3883445754716981 0.22737125 2
1 0.38980530660377355 0.10580208333333332 0.08574257075471697 0.21006249999999999 0.38957947353002065 0.1070201138993872 2 0.35721792452830187 0.14406229166666668 2
1 0.2742571933962264 0.10246604166666667 0.09818372641509433 0.16673458333333332 0.2745157946083625 0.10343283878142184 2 0.2760998820754717 0.05408875 2
1 0.27744044811320756 0.29827250000000005 0.08945860849056604 0.191788125 0.2776760686731144 0.2993845680676283 2 0.2515758254716981 0.2290375 2
0 0.7277676886792454 0.66557875 0.014044811320754717 0.02646541666666667 0.7277676423573083 0.6654669941906288 2 0 0 0
0 0.648830070754717 0.398266875 0.0173436320754717 0.027923125 0.6488300135527643 0.3981489637094335 2 0 0 0
0 0.33645141509433957 0.712011875 0.017526061320754717 0.027410833333333332 0.3364513572907073 0.7118961269691532 2 0 0 0
0 0.0053492924528301886 0.5907729166666668 0.010698584905660377 0.031166875 0.005349257167259918 0.5906413079568903 2 0 0 0