1 0.5714016509433962 0.713628125 0.1076682783018868 0.18607729166666667 0.5666156839622641 0.7138954166666667 2 0.5364321933962264 0.7538835416666667 2
1 0.5009977594339622 0.6448866666666666 0.10293891509433961 0.165226875 0.5007266337679143 0.6458447214555202 2 0.4666330188679245 0.6522466666666666 2
1 0.4011257075471698 0.6515572916666666 0.07064764150943396 0.23521854166666667 0.40093963225347345 0.6529211875236265 2 0.37136639150943396 0.738888125 2
1 0.5728161556603774 0.4024258333333333 0.09540542452830189 0.216815 0.5730674392419667 0.40368301772930587 2 0.5628428066037736 0.3223433333333333 2
1 0.5791753537735849 0.15079375 0.09184139150943396 0.186745625 0.578933457320519 0.15187657953562314 2 0.5468077830188679 0.210709375 2
1 0.7430729952830188 0.27618770833333334 0.16963655660377358 0.127624375 0.7175330188679245 0.27569041666666666 2 0.8061968160377359 0.27569041666666666 2
1 0.7358816037735849 0.4032529166666666 0.1387443396226415 0.13182770833333332 0.7279086084905659 0.40565229166666666 2 0.7854457547169811 0.43730979166666667 2
1 0.9133535377358492 0.8206977083333334 0.1124438679245283 0.21360458333333332 0.9136496980223269 0.8219362773856355 2 0.9259876179245282 0.87051625 2
1 0.8322288915094339 0.7767391666666666 0.1237496462264151 0.12235520833333333 0.8354371462264151 0.783875 2 0.7882754716981132 0.7638808333333333 2
1 0.8383599056603774 0.6942522916666667 0.11148773584905661 0.13732875 0.8373235849056604 0.692235 2 0.8146860849056603 0.735555625 2
1 0.8558114386792454 0.591145625 0.11432051886792452 0.18104208333333333 0.856112541782893 0.5921953830065081 2 0.8769393867924528 0.5239510416666666 2
1 0.8750219339622641 0.337820625 0.10570424528301887 0.21230770833333334 0.8747435248311771 0.33658957577341814 2 0.8637340801886793 0.40065375 2
1 0.29937334905660373 0.698001875 0.10691367924528303 0.138163125 0.29965494365538553 0.6988030028041133 2 0.26006497641509435 0.680571875 2
1 0.14607594339622643 0.656973125 0.09592547169811322 0.232720625 0.145823290088376 0.65832253688742 2 0.10820436320754717 0.7338895833333333 2
1 0.2947739386792453 0.1660016666666667 0.09016910377358489 0.21049666666666667 0.29501143057718454 0.16722221471333115 2 0.2591216981132075 0.0807475 2
1 0.030778301886792453 0.7096370833333334 0.061556603773584906 0.14822604166666667 0.018597287735849056 0.7105020833333333 2 0 0.7105020833333333 2
0 0.7256038915094339 0.6746066666666667 0.014991981132075472 0.023880208333333333 0.7256038420635859 0.6745058274452836 2 0 0 0