1 0.7261042452830189 0.693214375 0.0812820754716981 0.185238125 0.7263183300810744 0.6942884634177258 2 0.7279086084905659 0.7638808333333333 2
1 0.7170149764150943 0.4280185416666667 0.15949952830188677 0.171870625 0.7165948785754623 0.4270219636260512 2 0.7854457547169811 0.49062750000000005 2
1 0.7124264150943397 0.266198125 0.08976969339622642 0.24760395833333335 0.712662855005239 0.26763383670259294 2 0.7147033018867924 0.17072125000000002 2
1 0.6171439858490567 0.3043139583333333 0.08758997641509435 0.20053854166666665 0.616913286985824 0.30547676499050375 2 0.6307555424528303 0.22070645833333333 2
1 0.468925 0.30119395833333334 0.1048310141509434 0.26094541666666665 0.46864889082876854 0.30270702941252015 2 0.5043623820754717 0.182384375 2
1 0.39664304245283016 0.10827458333333334 0.11356922169811322 0.16154916666666666 0.39634391815326636 0.10733785344141768 2 0.342126179245283 0.05408875 2
1 0.5978130896226415 0.1075 0.07371344339622642 0.215 0.5980072397787722 0.10874666026397661 2 0.5685021226415095 0.0007708333333333333 2
1 0.8222044811320756 0.7632047916666667 0.08483620283018868 0.19525708333333333 0.8224279269686305 0.7643369742110928 2 0.8250615566037736 0.8221970833333334 2
1 0.8405991745283018 0.5840650000000001 0.08578278301886792 0.203536875 0.8408251135151283 0.5852451922526348 2 0.850528891509434 0.5089554166666667 2
1 0.8526277122641509 0.40367375 0.11361261792452831 0.189319375 0.8529269508628676 0.4047715032186669 2 0.8061968160377359 0.36399791666666664 2
1 0.9243084905660377 0.32323958333333336 0.1429566037735849 0.20814604166666667 0.9239319643089021 0.3220326651972875 2 0.9637168632075471 0.37399499999999997 2
1 0.9383511792452831 0.5853164583333333 0.10961827830188679 0.22603395833333334 0.9386398973524089 0.5866270981201404 2 0.9052363207547169 0.49062750000000005 2
1 0.2558628537735849 0.40117312499999996 0.10667040094339623 0.17765375 0.2561438076138005 0.40220323602730895 2 0.28741875 0.47063333333333335 2
1 0.28604834905660376 0.091875 0.0934692216981132 0.18375 0.2862945329702837 0.09294045964421256 2 0.26761073113207545 0.07075041666666666 2
1 0.20162169811320754 0.15017166666666668 0.09251120283018868 0.22548979166666666 0.20186535874885003 0.15147915114668156 2 0.1714010613207547 0.055754791666666664 2
1 0.06025943396226415 0.32952020833333334 0.1205188679245283 0.22095979166666666 0.0695318396226415 0.3423375 2 0.004448702830188679 0.41065083333333335 2
0 0.33665919811320755 0.71101 0.013392924528301887 0.02718104166666667 0.33665915394129287 0.7108952223129805 2 0 0 0