1 0.5467482311320755 0.5415677083333333 0.10953419811320755 0.155198125 0.5464597344795582 0.5424676122192923 2 0.520397287735849 0.5756025 2
1 0.2473733490566038 0.57302125 0.11421544811320754 0.154790625 0.24767417541963943 0.5739187910298772 2 0.28270259433962264 0.5522760416666667 2
1 0.2938216981132075 0.3865885416666667 0.11547358490566037 0.13182270833333334 0.2935175580065258 0.3873529050730339 2 0.3213751179245283 0.3540008333333333 2
1 0.4883885613207547 0.3686814583333333 0.07558125 0.22597041666666667 0.48858763099939095 0.3699917296788801 2 0.4779517688679245 0.2623610416666667 2
1 0.5900319575471699 0.2818145833333333 0.10342653301886792 0.16220437499999998 0.5903043675257098 0.28275511239824336 2 0.5543536556603774 0.23070354166666668 2
1 0.4314382075471698 0.20557270833333333 0.11637051886792452 0.13301812500000001 0.4307900943396226 0.18071812499999998 2 0.44116568396226413 0.21237562499999998 2
1 0.3817938679245283 0.116425 0.07178950471698113 0.20131687499999998 0.3819829507146841 0.11759231976060673 2 0.37136639150943396 0.040759166666666666 2
1 0.642738679245283 0.115591875 0.08056037735849057 0.20298291666666665 0.6429508631987314 0.11676885516964841 2 0.6203799528301887 0.052422500000000004 2
1 0.8358830188679245 0.7457125 0.09521509433962265 0.2635752083333333 0.836133801148338 0.7472408197153421 2 0.8646774764150943 0.8355264583333334 2
1 0.8744319575471697 0.355763125 0.11443018867924529 0.186804375 0.8741305655896848 0.3568462951927883 2 0.8410965801886793 0.43397729166666665 2
1 0.8647725235849056 0.16100062499999998 0.10583231132075473 0.18716520833333333 0.8650512700227319 0.1620858874559445 2 0.8222319575471698 0.07574895833333332 2
1 0.2951279481132075 0.19703583333333335 0.09653655660377358 0.17925875 0.29538221092706357 0.19807525082447341 2 0.255348820754717 0.22070645833333333 2
1 0.20208431603773586 0.071198125 0.11596120283018868 0.14239604166666667 0.20913030660377357 0.07574895833333332 2 0.16857122641509434 0 2
1 0.21129127358490568 0.195784375 0.10619103773584905 0.14676479166666667 0.21157096485431603 0.1966353788787053 2 0.16479834905660376 0.14906083333333334 2
1 0.13641733490566038 0.3436814583333333 0.14508985849056602 0.17597041666666666 0.13650141509433963 0.36899645833333333 2 0.0695318396226415 0.27902270833333337 2
0 0.7271696933962264 0.6679377083333333 0.01432063679245283 0.028249375 0.7271696461645747 0.6678184193832625 2 0 0 0
0 0.6546721698113208 0.3652616666666667 0.015780542452830188 0.024036666666666665 0.6546721177646768 0.36516016676693897 2 0 0 0
0 0.33622099056603777 0.7091677083333334 0.012288915094339622 0.02793375 0.33622095003531516 0.7090497521764612 2 0 0 0
0 0.006740330188679245 0.66948875 0.013480778301886792 0.027693958333333334 0.006740285727009381 0.6693718064140661 2 0 0 0