1 0.5734069575471699 0.7146685416666667 0.12488408018867925 0.17149645833333332 0.5737358834872666 0.7156629501318615 2 0.5317160377358491 0.7555499999999999 2
1 0.7172602594339623 0.7075866666666666 0.07302665094339622 0.177326875 0.7174526006817609 0.7086148823354929 2 0.7307382075471699 0.7705454166666666 2
1 0.8947227594339623 0.7806983333333334 0.10725247641509435 0.143603125 0.8950052463736847 0.7815310045413351 2 0.8590179245283018 0.793871875 2
1 0.8365820754716982 0.6933900000000001 0.09957924528301887 0.26094645833333335 0.8363197986721304 0.6918769228807926 2 0.8429830188679246 0.7722116666666667 2
1 0.8554475235849056 0.346185625 0.11844221698113207 0.23096416666666666 0.8551355645465014 0.3475248522045851 2 0.8901446933962265 0.2573622916666667 2
1 0.9293798349056603 0.36305729166666667 0.11772205188679245 0.22471895833333333 0.9290697726741214 0.364360306531394 2 0.9627735849056605 0.27735645833333333 2
1 0.6348387971698113 0.3282675 0.08928455188679246 0.18179833333333334 0.6350739592907247 0.32932164306150624 2 0.6222665094339623 0.269025625 2
1 0.6427305424528301 0.129753125 0.10810271226415094 0.15799375000000002 0.6424458161193793 0.13066923909340306 2 0.599628891509434 0.15572541666666667 2
1 0.697559787735849 0.20682541666666668 0.13049693396226414 0.16218229166666667 0.697216078380594 0.20776581768313876 2 0.6581093160377358 0.19071520833333333 2
1 0.3912188679245283 0.087468125 0.11687181603773585 0.16339729166666667 0.3909110450867178 0.08841557109656849 2 0.3440127358490566 0.064085625 2
1 0.39936533018867926 0.36076041666666664 0.12391073113207547 0.1501458333333333 0.3996916924733205 0.36163102524442625 2 0.348728891509434 0.388990625 2
1 0.2990188679245283 0.27515354166666667 0.09111320754716981 0.22552645833333335 0.29925884645023315 0.27646123875540873 2 0.2977942216981132 0.19238145833333334 2
1 0.26046061320754715 0.46491479166666666 0.08568242924528302 0.191836875 0.26068628787758275 0.46602714240726173 2 0.255348820754717 0.3939889583333333 2
0 0.33704787735849057 0.7107229166666666 0.013489858490566036 0.025760833333333334 0.33704783286687284 0.7106141361091752 2 0 0 0