1 0.7110112028301887 0.5540677083333333 0.08316627358490566 0.180198125 0.7112302503235275 0.5551125727151035 2 0.6920656839622642 0.5855995833333334 2
1 0.8198459905660378 0.7598725000000001 0.08011922169811321 0.201921875 0.8200570125816306 0.7610433278046054 2 0.8401533018867925 0.827195625 2
1 0.8554584905660377 0.6525916666666667 0.13625271226415095 0.13731645833333334 0.8558173597782265 0.6533878851419884 2 0.8014806603773585 0.6389175 2
1 0.8559293632075471 0.21661520833333334 0.11078360849056604 0.16176749999999998 0.8562211506196418 0.2175532042135791 2 0.8448694575471698 0.25403 2
1 0.8381242924528303 0.4005475 0.10913007075471698 0.156408125 0.8384117246944867 0.4014544199739562 2 0.8656205188679246 0.40731854166666664 2
1 0.9007358490566038 0.33598124999999995 0.09286804245283019 0.27053770833333335 0.9009804495543021 0.33754994121342535 2 0.8948608490566038 0.43897583333333334 2
1 0.717025 0.2557814583333333 0.08764799528301888 0.226770625 0.7172558516762305 0.25709636962275023 2 0.6939521226415094 0.15739166666666668 2
1 0.6625404481132076 0.11163375 0.10055271226415094 0.19839916666666665 0.6622756073475888 0.11278415166274143 2 0.6383015330188679 0.124068125 2
1 0.5334323113207547 0.36910104166666663 0.08455047169811321 0.26679791666666663 0.5336550045843549 0.37064804799792284 2 0.5128514150943396 0.24569916666666666 2
1 0.4145674528301887 0.24036125 0.09658537735849056 0.1492775 0.4143130614297857 0.24122682361653844 2 0.39683372641509435 0.25403 2
1 0.3899237028301887 0.11413291666666667 0.0741870283018868 0.19340062500000002 0.38972830532243335 0.11525433468627476 2 0.36382063679245286 0.16405645833333335 2
1 0.4647979952830189 0.08036208333333333 0.10365259433962265 0.16072395833333333 0.4645249898928593 0.07943013834578358 2 0.4949299528301887 0.13573145833333333 2
1 0.2603442216981132 0.5578147916666667 0.12129257075471697 0.14770395833333336 0.2606636881409294 0.5586712412279979 2 0.24685966981132074 0.51562 2
1 0.28982134433962264 0.1482945833333333 0.08592334905660377 0.19174416666666666 0.2900476535563139 0.1494063965120898 2 0.255348820754717 0.065751875 2
1 0.22709103773584907 0.28702395833333333 0.08874245283018868 0.18928520833333332 0.22732477204913834 0.28812151343932263 2 0.2317679245283019 0.21904020833333335 2
1 0.09856709905660378 0.44075166666666665 0.15239398584905658 0.19016333333333335 0.11669351415094341 0.4406420833333333 2 0.04123478773584906 0.3989875 2
0 0.6485066037735848 0.3977695833333333 0.014183254716981132 0.023845625 0.6485065569950403 0.39766889014737666 2 0 0 0
0 0.727168396226415 0.6649147916666667 0.012225825471698112 0.023483958333333332 0.7271683559037717 0.6648156256945668 2 0 0 0
0 0.3364633254716981 0.7098970833333333 0.01420754716981132 0.026779166666666666 0.3364632786130333 0.7097840026483468 2 0 0 0
0 0.008814268867924527 0.6710420833333333 0.017628537735849055 0.024559166666666667 0.008814210726309302 0.6709383770670431 2 0 0 0
0 0.005970990566037736 0.5889720833333333 0.011941981132075471 0.027957083333333334 0.005970951179556427 0.5888540286465348 2 0 0 0