1 0.5837825471698113 0.6471760416666666 0.10413301886792453 0.13981458333333335 0.5840568179261358 0.6479867453195323 2 0.6222665094339623 0.6622439583333333 2
1 0.8469682783018868 0.66238375 0.1249313679245283 0.16689791666666667 0.8472973287907888 0.6633514941899945 2 0.8184589622641509 0.6555791666666667 2
1 0.6991044811320755 0.5723956250000001 0.14235719339622643 0.14354208333333332 0.6994794286321624 0.5732279422627912 2 0.6590525943396227 0.562273125 2
1 0.43190896226415093 0.40971145833333333 0.1059933962264151 0.14807729166666667 0.432188132975463 0.4105700726380687 2 0.4062660377358491 0.3706625 2
1 0.4001807783018868 0.277234375 0.10649375000000001 0.19636458333333331 0.3999002897337662 0.27837297929439064 2 0.3591043632075472 0.329008125 2
1 0.6301140330188678 0.18413083333333333 0.09937912735849057 0.303405 0.6147205188679246 0.19238145833333334 2 0.6581093160377358 0.057421041666666665 2
1 0.8615879716981133 0.20120729166666665 0.09191733490566037 0.24758437500000002 0.8618300681746967 0.20264288981687123 2 0.8354371462264151 0.10907249999999999 2
1 0.36387122641509434 0.085625 0.07933301886792453 0.17125 0.35721792452830187 0.047423958333333335 2 0.3525017688679245 0 2
1 0.44545966981132074 0.08770833333333333 0.11214587264150944 0.17541666666666667 0.44516429439973226 0.0887254728122755 2 0.48172476415094334 0.02243125 2
1 0.28286509433962265 0.15183541666666667 0.1021943396226415 0.18882895833333332 0.28313425890553173 0.1529303262436074 2 0.2647811320754717 0.08574604166666666 2
1 0.2434816037735849 0.6251022916666666 0.10077252358490567 0.22562895833333335 0.2437470234892605 0.6264105830934416 2 0.23459764150943394 0.707230625 2