1 0.7421416273584905 0.6332220833333333 0.10581108490566038 0.17188916666666668 0.7424203178891224 0.6342187688863166 2 0.7845025943396227 0.6172570833333333 2
1 0.6551204009433962 0.19746020833333333 0.09589139150943396 0.27674625 0.6552795990566038 0.21570791666666667 2 0.6741442216981133 0.08907833333333333 2
1 0.7216158018867924 0.3774295833333333 0.09370341981132076 0.21680770833333335 0.7231924528301887 0.38232583333333336 2 0.7533759433962264 0.28068895833333335 2
1 0.6092518867924528 0.503244375 0.10036415094339624 0.215178125 0.6090612028301886 0.5089554166666667 2 0.6458471698113207 0.578935 2
1 0.5202253537735849 0.5915639583333333 0.07322841981132076 0.20520541666666667 0.5232270047169811 0.57726875 2 0.5364321933962264 0.5289495833333333 2
1 0.5043088443396226 0.7184154166666666 0.12439976415094339 0.14233458333333332 0.5046364946639021 0.7192407323375102 2 0.45342771226415096 0.7188939583333334 2
1 0.3848603773584906 0.679049375 0.08924139150943396 0.18023458333333334 0.3850954258014421 0.6800944507824932 2 0.35721792452830187 0.7322233333333333 2
1 0.38780813679245285 0.36118 0.08570448113207547 0.19097333333333333 0.3880338695438515 0.3622873435634689 2 0.3515584905660377 0.27735645833333333 2
1 0.3888689858490566 0.13413083333333334 0.07650731132075472 0.203405 0.38907049463434323 0.1353102609193527 2 0.36099080188679245 0.050756249999999996 2
1 0.24819823113207548 0.680713125 0.10077334905660378 0.14357395833333333 0.24846365302191975 0.6815456270874233 2 0.2515758254716981 0.620589375 2
1 0.06320754716981132 0.6586356250000001 0.12641509433962264 0.17939541666666667 0.06354050557159688 0.6596758349418506 2 0 0.7205602083333333 2
1 0.20445259433962265 0.5186545833333333 0.11515129716981133 0.1593575 0.20475588558873717 0.5195786050217829 2 0.21761945754716983 0.51562 2
1 0.2750819575471698 0.38326479166666666 0.08474162735849057 0.25513708333333335 0.2760998820754717 0.40565229166666666 2 0.2421435141509434 0.2890197916666667 2
1 0.2069196933962264 0.350974375 0.09497158018867924 0.20721791666666667 0.2204490566037736 0.36733020833333335 2 0.23459764150943394 0.26569333333333334 2
1 0.11765801886792453 0.24536354166666668 0.10748596698113208 0.18927312500000001 0.11737491694906453 0.24646102670841633 2 0.1619686320754717 0.17571958333333332 2
0 0.3337931603773585 0.7270120833333333 0.014390330188679244 0.025511458333333334 0.3337931129158473 0.7269043558144285 2 0 0 0