1 0.6654966981132076 0.7132095833333333 0.0940064858490566 0.16191395833333333 0.665744297100095 0.7141484284404837 2 0.6958385613207547 0.7638808333333333 2
1 0.7422603773584905 0.3613910416666667 0.1268 0.22805125 0.7279086084905659 0.3706625 2 0.7863890330188679 0.42897874999999996 2
1 0.6192640330188679 0.13162541666666666 0.14371686320754717 0.1250825 0.6188855043523888 0.13235069751535902 2 0.5618995283018867 0.16572250000000002 2
1 0.885043396226415 0.368263125 0.13282275943396227 0.20180708333333333 0.8846935609956391 0.3694332871943287 2 0.8354371462264151 0.43897583333333334 2
1 0.8738520047169812 0.19786895833333332 0.10512676886792452 0.18425750000000002 0.8741288928617871 0.19893736067561082 2 0.861847641509434 0.15239312500000002 2
1 0.9606132075471698 0.15787333333333334 0.07877358490566037 0.147586875 0.9604057297371019 0.15872910399634257 2 0.9684330188679244 0.19238145833333334 2
1 0.519990212264151 0.26702624999999997 0.0878497641509434 0.17928083333333333 0.5202215953693232 0.26806579553957804 2 0.4921002358490566 0.20571083333333334 2
1 0.4064387971698113 0.3568047916666667 0.09089587264150943 0.17889041666666666 0.40667820326796533 0.3578420734065018 2 0.38362841981132073 0.29235208333333335 2
1 0.4306027122641509 0.21161666666666665 0.10601686320754716 0.1651 0.4303234797443296 0.21257398578100403 2 0.46568974056603774 0.150726875 2
1 0.3766061320754717 0.12621333333333334 0.08216509433962264 0.177573125 0.3768225426128114 0.12724297686304334 2 0.34306945754716983 0.07075041666666666 2
1 0.30149492924528304 0.19578791666666667 0.0885194575471698 0.1967575 0.3017280762224363 0.1969287992568498 2 0.30251037735849057 0.13239895833333332 2
1 0.24360047169811322 0.5694791666666668 0.12176132075471699 0.14104166666666668 0.24392117275813754 0.5702969854638684 2 0.28270259433962264 0.562273125 2
1 0.1352369103773585 0.3143110416666667 0.11443183962264152 0.18054458333333334 0.13553830668318076 0.315357914959308 2 0.08462358490566038 0.24736541666666667 2
1 0.22378926886792452 0.19224458333333333 0.0859119103773585 0.16634416666666668 0.22401554795684994 0.19320911664834559 2 0.18743596698113207 0.125734375 2
0 0.6540813679245282 0.36608541666666666 0.014620872641509434 0.023080208333333335 0.6540813197026527 0.3659879556141832 2 0 0 0
0 0.3365908018867924 0.7089820833333333 0.012970872641509434 0.022955625 0.3365907591068695 0.7088851483602774 2 0 0 0
0 0.007507665094339623 0.6703166666666667 0.015015330188679246 0.026476458333333334 0.007507615571482798 0.6702048642315268 2 0 0 0