1 0.6341311320754717 0.72988 0.08598290094339622 0.24523999999999999 0.6343575981429025 0.7313020044797099 2 0.6581093160377358 0.8205308333333333 2
1 0.7124268867924529 0.7115435416666667 0.09920283018867924 0.16524645833333332 0.7126881721711078 0.7125017100079086 2 0.7430002358490566 0.7588822916666668 2
1 0.7298778301886794 0.5955195833333333 0.09260271226415095 0.17646083333333334 0.7301217318464485 0.596542777328984 2 0.7580920990566038 0.650580625 2
1 0.3887525943396226 0.67196625 0.11211745283018867 0.16940083333333333 0.3890478948976898 0.6729485071516333 2 0.34684233490566035 0.692235 2
1 0.43226297169811323 0.30785375 0.11236084905660378 0.18095916666666667 0.42607393867924526 0.31401249999999997 2 0.4713491745283019 0.3656639583333333 2
1 0.6252884433962264 0.2911883333333333 0.10602676886792453 0.16429 0.6279258254716981 0.28068895833333335 2 0.5779344339622641 0.23570208333333334 2
1 0.5969878537735849 0.10020833333333333 0.07772240566037737 0.20041666666666666 0.5920830188679246 0.08741229166666667 2 0.6241529481132075 0.02909583333333333 2
1 0.7174876179245283 0.07625 0.1208244103773585 0.1525 0.7171693845459426 0.07713425902444852 2 0.666598466981132 0.13739770833333334 2
1 0.22791662735849058 0.4449195833333333 0.09416662735849057 0.21516104166666666 0.22816464813409973 0.4461671773845038 2 0.2110167452830189 0.5239510416666666 2
1 0.14231108490566038 0.5399027083333333 0.10028337264150944 0.17519458333333335 0.1425752162711022 0.540918560079871 2 0.10254492924528302 0.46063625 2
1 0.2743747641509434 0.11663354166666666 0.09087311320754717 0.20506624999999998 0.2746141103041613 0.11782260187763267 2 0.2506326650943396 0.169055 2
1 0.2302742924528302 0.1716258333333333 0.08001733490566038 0.211748125 0.23048504611389026 0.1728536378608173 2 0.22610860849056605 0.094076875 2
1 0.2053869103773585 0.08119520833333334 0.09426438679245283 0.16239020833333334 0.21384646226415094 0.07574895833333332 2 0.19215212264150944 0.052422500000000004 2