1 0.6908399764150944 0.6257279166666667 0.10054775943396226 0.2368775 0.6905751486944877 0.6271014318605277 2 0.7260220518867925 0.533948125 2
1 0.7100597877358491 0.29576854166666666 0.10361025943396227 0.13012979166666666 0.7097868938494827 0.29652308883145917 2 0.739227358490566 0.2523639583333333 2
1 0.7523902122641509 0.45824770833333334 0.12459174528301888 0.17183791666666667 0.7382840801886792 0.43730979166666667 2 0.7977077830188679 0.4506391666666667 2
1 0.6637185141509434 0.4284345833333333 0.1264936320754717 0.18103583333333334 0.6571661556603773 0.42897874999999996 2 0.7109304245283019 0.4623025 2
1 0.4908573113207547 0.32785395833333336 0.09680908018867924 0.22429208333333334 0.4906023307206426 0.3291544979975947 2 0.5269998820754717 0.23736833333333335 2
1 0.3794362028301887 0.15662666666666666 0.08593879716981132 0.19174666666666665 0.3796625527348936 0.15773849434147275 2 0.3458991745283019 0.077415 2
1 0.38839740566037734 0.35534958333333333 0.07745058962264151 0.21930083333333333 0.3886013988992609 0.356621181634606 2 0.38457169811320757 0.26402708333333336 2
1 0.3731880896226415 0.556564375 0.11494469339622641 0.14187104166666667 0.3734908367083979 0.5573870028616502 2 0.32892087264150943 0.5422789583333334 2
1 0.27567287735849055 0.6207220833333333 0.11422028301886793 0.14688916666666665 0.28458903301886795 0.6039277083333333 2 0.29024834905660374 0.6655762500000001 2
1 0.20539587264150944 0.713626875 0.11326485849056603 0.169413125 0.2044141509433962 0.7155614583333333 2 0.21573290094339623 0.7605483333333333 2
1 0.2965428066037736 0.42512791666666666 0.09370683962264151 0.17557770833333333 0.2940213443396226 0.41065083333333335 2 0.2883619103773585 0.3939889583333333 2
1 0.28781721698113205 0.193918125 0.09700695754716981 0.2629970833333333 0.2911916273584906 0.20737708333333332 2 0.2591216981132075 0.07908125 2
1 0.280380070754717 0.09291666666666668 0.10274127358490566 0.18583333333333335 0.2801094656467673 0.09399420635219684 2 0.2893051886792453 0 2
1 0.16389150943396225 0.06895833333333333 0.14910365566037737 0.13791666666666666 0.15913891509433964 0.05736 2 0.1176367924528302 0 2
1 0.09172853773584905 0.2719991666666666 0.16135424528301887 0.23600166666666667 0.0940558962264151 0.28895875 2 0.024256603773584906 0.17232625 2