1 0.500769929245283 0.3957610416666667 0.08147912735849057 0.230144375 0.5009845330484592 0.3970955153749934 2 0.47606533018867925 0.297350625 2
1 0.5860229952830188 0.37284208333333335 0.10672747641509435 0.15098270833333333 0.5863040994514681 0.37371754446369027 2 0.5477510613207548 0.3240095833333333 2
1 0.4336766509433962 0.10163541666666666 0.0812316037735849 0.20172916666666665 0.43389060280656744 0.10280512706745014 2 0.45814386792452827 0.124068125 2
1 0.6926071933962265 0.3105677083333333 0.13474268867924527 0.26303125 0.6826333726415095 0.31901104166666666 2 0.7411137971698114 0.19904624999999998 2
1 0.6237548349056604 0.26015062499999997 0.08786768867924527 0.15553229166666668 0.6239862652213523 0.2610524665245863 2 0.5949127358490566 0.210709375 2
1 0.6970995283018868 0.095 0.12891497641509433 0.19 0.6974390710181867 0.09610169976816538 2 0.7297950471698114 0.12073583333333333 2
1 0.7572264150943396 0.09395833333333334 0.08096285377358489 0.18791666666666668 0.7562056603773585 0.07408270833333333 2 0.7731837264150944 0 2
1 0.599583608490566 0.1524575 0.12064327830188679 0.150085 0.5999013647944268 0.15332775584055316 2 0.5505807783018868 0.09907541666666667 2
1 0.5971070754716981 0.051250000000000004 0.10814433962264151 0.10250000000000001 0.6005720518867924 0.055754791666666664 2 0.6449041273584906 0.012434166666666666 2
1 0.28369115566037734 0.614055 0.11705165094339623 0.12689020833333334 0.3006239386792453 0.6055939583333333 2 0.32420471698113207 0.650580625 2
1 0.05554245283018868 0.7234164583333332 0.11108490566037736 0.16233354166666666 0.05583503381384726 0.724357736360805 2 0.05255365566037736 0.7722116666666667 2
1 0.3104561320754717 0.142048125 0.0800311320754717 0.22923687499999998 0.31066692207620805 0.14337733664232868 2 0.29024834905660374 0.05408875 2
1 0.23958985849056605 0.11375 0.08732959905660377 0.2275 0.23981987155888163 0.11506914051188223 2 0.216676179245283 0 2
1 0.29088301886792456 0.07312500000000001 0.09559245283018868 0.14625000000000002 0.291134795054015 0.07397301890049572 2 0.2779864386792453 0 2
1 0.15068301886792454 0.079375 0.10004905660377358 0.15875 0.15630931603773585 0.07229458333333333 2 0.10726108490566039 0.020643125 2
0 0.3330308962264151 0.6970275 0.014456839622641509 0.02232333333333333 0.3330308485455456 0.6969332350119988 2 0 0 0