1 0.7270494103773585 0.73153875 0.1265614386792453 0.14192229166666664 0.7273827542281894 0.7323616750306666 2 0.7769567216981131 0.7288910416666667 2
1 0.7511022405660378 0.7615372916666666 0.08788974056603774 0.18192520833333334 0.7513337289630927 0.7625921704026891 2 0.7684675707547169 0.7005660416666667 2
1 0.7027487028301886 0.5546652083333333 0.11257299528301887 0.191830625 0.68640625 0.5472775 2 0.7430002358490566 0.6239216666666666 2
1 0.6357820754716981 0.26682020833333336 0.08739811320754717 0.20885979166666668 0.636012268996013 0.2680312650915346 2 0.6675416273584905 0.1790520833333333 2
1 0.5754102594339623 0.39992895833333336 0.09493419811320754 0.255141875 0.5756603018758375 0.40140837804142165 2 0.5949127358490566 0.2940183333333334 2
1 0.46846391509433966 0.6413456249999999 0.14137393867924528 0.16814208333333333 0.4688362728489469 0.6423205833906692 2 0.41381191037735854 0.7038983333333333 2
1 0.40632075471698115 0.5740641666666666 0.08877346698113207 0.173538125 0.4065545707168932 0.5750704135723528 2 0.37513938679245284 0.5089554166666667 2
1 0.4618584905660377 0.42825520833333336 0.08854716981132074 0.21515604166666666 0.4620917105331392 0.4295027733924046 2 0.43550625 0.505623125 2
1 0.3855672169811321 0.41929875 0.07367676886792453 0.220569375 0.3857612705420549 0.42057770383843096 2 0.3704232311320755 0.327341875 2
1 0.4030202830188679 0.16703958333333332 0.11424233490566038 0.16258729166666666 0.403321180197683 0.1679823327098376 2 0.3525017688679245 0.09907541666666667 2
1 0.31458419811320754 0.7050850000000001 0.10715224056603774 0.14899666666666667 0.3157156839622641 0.7205602083333333 2 0.2742134433962264 0.7622145833333334 2
1 0.2950017688679245 0.343264375 0.09424882075471698 0.16847145833333332 0.29968066037735847 0.3540008333333333 2 0.3015672169811321 0.300683125 2
1 0.23356827830188678 0.22137833333333334 0.0963819575471698 0.22525666666666666 0.23554091981132075 0.23570208333333334 2 0.2685540094339623 0.30234916666666667 2
1 0.1103571933962264 0.652384375 0.11937995283018868 0.15023125 0.11197724056603774 0.650580625 2 0.1251825471698113 0.6255879166666667 2
1 0.055045400943396224 0.532378125 0.11009080188679245 0.17642270833333334 0.053496816037735845 0.5356141666666667 2 0.055383254716981134 0.46730104166666664 2
1 0.02724056603773585 0.7375789583333333 0.0544811320754717 0.13400854166666668 0.006335259433962264 0.7422204166666667 2 0 0.740554375 2
0 0.5587097877358491 0.6266860416666666 0.015743396226415095 0.026694583333333334 0.558709735811719 0.6265733181526627 2 0 0 0