1 0.7185579009433962 0.7246691666666667 0.08694080188679246 0.201495 0.718786889978269 0.7258375192708061 2 0.6901792452830189 0.63391875 2
1 0.646630070754717 0.7190437500000001 0.08457004716981133 0.18357916666666665 0.6468528155771741 0.7201082190808246 2 0.6713146226415094 0.7872072916666667 2
1 0.546040212264151 0.6950854166666667 0.1222689858490566 0.1356625 0.5430349056603774 0.69723375 2 0.5185108490566038 0.6705747916666667 2
1 0.5481724056603773 0.38179874999999996 0.10459846698113208 0.145569375 0.5484479023372353 0.3826428223509973 2 0.5166242924528301 0.40731854166666664 2
1 0.44923384433962266 0.6015622916666667 0.09139233490566037 0.20187541666666667 0.4489931306343124 0.6027328500863507 2 0.467576179245283 0.52061875 2
1 0.38462393867924527 0.6494716666666667 0.07556332547169811 0.19772354166666667 0.3848229611473618 0.6506181507720087 2 0.3826852594339623 0.710563125 2
1 0.3688246462264151 0.3326439583333333 0.10244504716981133 0.21054541666666668 0.3694799528301887 0.34067125 2 0.3336370283018868 0.25403 2
1 0.40254917452830186 0.24661375 0.13027806603773587 0.18844125 0.4100390330188679 0.24403291666666668 2 0.3562747641509434 0.17571979166666668 2
1 0.43201639150943394 0.08080083333333334 0.13714599056603774 0.14339833333333332 0.44022240566037735 0.07574895833333332 2 0.3798555424528302 0.08241375 2
1 0.7262233490566038 0.19912166666666667 0.11170412735849056 0.206756875 0.7265175609773591 0.20032052983116191 2 0.7609218160377359 0.26069479166666665 2
1 0.26671002358490564 0.5524027083333334 0.08497606132075472 0.20019458333333334 0.26693383778775215 0.5535635205756823 2 0.2770430424528302 0.6255879166666667 2
1 0.25904575471698116 0.07208333333333333 0.0885121462264151 0.14416666666666667 0.26006497641509435 0.052422500000000004 2 0.24402995283018866 0.08241375 2
1 0.28416155660377357 0.363471875 0.08780896226415094 0.19888958333333334 0.2843928322428944 0.3646251203044676 2 0.2723268867924528 0.38399208333333334 2
1 0.13995542452830187 0.6855066666666667 0.1615984669811321 0.17981999999999998 0.14038105065766648 0.6865493385209377 2 0.15913891509433964 0.6705747916666667 2
1 0.06733490566037736 0.3284772916666666 0.13466981132075473 0.20221208333333335 0.06768960574884668 0.3296498022210275 2 0.04972393867924528 0.3923229166666667 2
1 0.1513918632075472 0.5521929166666666 0.1316501179245283 0.17978083333333333 0.15159316037735848 0.5472775 2 0.14782016509433962 0.5372804166666667 2
1 0.1633003537735849 0.07729166666666668 0.11019174528301887 0.15458333333333335 0.16385507075471697 0.07408270833333333 2 0.14782016509433962 0 2
0 0.3238884433962264 0.5935929166666667 0.016274646226415095 0.02750333333333333 0.3238883897199526 0.593476778035041 2 0 0 0