1 0.7242176886792453 0.6723858333333333 0.08505518867924529 0.21022833333333332 0.7244417112916886 0.6736048254706761 2 0.7514895047169812 0.5839335416666667 2
1 0.6217507075471698 0.5765720833333333 0.08385955188679245 0.28518937499999997 0.6219715810315946 0.5782257310613371 2 0.610947641509434 0.48063041666666667 2
1 0.6710380896226416 0.43116916666666666 0.08056521226415095 0.184328125 0.6741442216981133 0.4356435416666667 2 0.6930088443396227 0.385658125 2
1 0.6171517688679246 0.07625 0.09163985849056604 0.1525 0.6118908018867926 0.049089999999999995 2 0.6062314858490566 0.009101666666666668 2
1 0.5243445754716981 0.4457477083333333 0.10717971698113209 0.14683791666666668 0.5240622801694141 0.4465991362214889 2 0.5637859669811321 0.4089847916666667 2
1 0.5189301886792452 0.6855041666666666 0.1159132075471698 0.14649145833333332 0.5192354866860407 0.6863535856439511 2 0.5581265330188679 0.7138954166666667 2
1 0.4343765330188679 0.61384875 0.09469646226415095 0.15646916666666666 0.43412711673756915 0.6147560239191668 2 0.4496548349056604 0.5689379166666666 2
1 0.39381426886792453 0.4390829166666667 0.0890436320754717 0.16016729166666668 0.39357974129366685 0.4400116338671764 2 0.3675935141509434 0.4972920833333333 2
1 0.43920943396226414 0.23911229166666667 0.1303057783018868 0.16010875 0.4388662280823535 0.24004066941801533 2 0.4883273584905661 0.169055 2
1 0.2901765330188679 0.6690472916666667 0.12059021226415094 0.133571875 0.29049414955474284 0.669821797475724 2 0.3091130896226415 0.6439158333333334 2
1 0.2964244103773585 0.2791104166666667 0.08215117924528301 0.21344604166666667 0.2966407842644263 0.28034806642782445 2 0.28270259433962264 0.19571395833333333 2
1 0.2840446933962264 0.14995708333333332 0.11398596698113207 0.13841916666666665 0.2843449153403722 0.15075969577452444 2 0.31382924528301887 0.12073583333333333 2
1 0.20421533018867924 0.07208333333333333 0.08260695754716982 0.14416666666666667 0.20158443396226416 0.06075333333333333 2 0.18177653301886793 0 2
1 0.1653051886792453 0.5701060416666667 0.11797452830188679 0.16895437500000002 0.16561591589580116 0.5710857100654457 2 0.1968682783018868 0.5089554166666667 2
0 0.5330667452830189 0.3102797916666667 0.0144 0.025559791666666668 0.5330666977896151 0.31017186005005754 2 0 0 0