1 0.7209159198113207 0.7098797916666667 0.0822246462264151 0.20190729166666666 0.7211324871994 0.7110505349109828 2 0.7439435141509434 0.783875 2
1 0.5621948113207547 0.6361385416666666 0.11448396226415095 0.17438958333333332 0.5618932777317108 0.6371497256852392 2 0.5241701650943397 0.6755733333333332 2
1 0.4029022405660377 0.6473870833333333 0.11211992924528301 0.1768925 0.4031975476466109 0.6484127803135448 2 0.43927924528301887 0.7122291666666667 2
1 0.41090955188679246 0.41406229166666664 0.13974375 0.17312458333333333 0.35061533018867924 0.37232875000000004 2 0.41054148780470967 0.37790369357392467 2
1 0.5239995283018868 0.37471916666666666 0.09398195754716981 0.18472833333333333 0.5242470626849054 0.37579029909828193 2 0.5166242924528301 0.3240095833333333 2
1 0.6720911556603774 0.09604166666666666 0.10786167452830189 0.19208333333333333 0.6718070641841778 0.09715544647614965 2 0.7024411556603775 0.11073875000000001 2
1 0.7391938679245283 0.4632510416666667 0.10934811320754717 0.22849770833333333 0.7394818744573087 0.4645759673103359 2 0.7731837264150944 0.37899354166666666 2
1 0.4688077830188679 0.21016270833333334 0.0880872641509434 0.22217458333333334 0.46857577437431025 0.2114509698435995 2 0.49775966981132075 0.124068125 2
1 0.27213466981132073 0.72362625 0.09771167452830189 0.18274729166666667 0.272392027709574 0.7246858955203265 2 0.24591639150943398 0.7905395833333333 2
1 0.2051501179245283 0.6690522916666667 0.1173755896226415 0.20022875 0.2081871462264151 0.6455820833333333 2 0.16385507075471697 0.740554375 2
1 0.0992625 0.6265572916666666 0.12729870283018868 0.18521854166666665 0.11197724056603774 0.6272541666666667 2 0.13367169811320756 0.5556083333333334 2
1 0.16023372641509434 0.30514958333333336 0.09273997641509435 0.22553604166666666 0.1604779896060535 0.3064573359902655 2 0.13084198113207546 0.37566104166666664 2
1 0.034316037735849056 0.35139020833333334 0.06863207547169811 0.19805270833333333 0.011994575471698113 0.3473360416666667 2 0 0.31234625 2