1 0.4665754716981132 0.7109189583333334 0.0979811320754717 0.17066208333333333 0.4668335393071389 0.7119085287419805 2 0.48172476415094334 0.7272247916666666 2
1 0.49687936320754716 0.347851875 0.09633561320754717 0.23429645833333332 0.49775966981132075 0.36399791666666664 2 0.4694626179245283 0.4273127083333333 2
1 0.38085106132075475 0.47908104166666665 0.08310908018867924 0.21350458333333336 0.3810699581752644 0.48031903087698546 2 0.3666502358490566 0.3939889583333333 2
1 0.3996002358490566 0.32264437500000004 0.09985625000000001 0.19721125 0.39872016509433966 0.3323404166666667 2 0.4213577830188679 0.27569041666666666 2
1 0.3977128537735849 0.13454666666666668 0.0847628537735849 0.19423979166666666 0.3979361064197239 0.1356729505269175 2 0.37419610849056606 0.19238145833333334 2
1 0.6228112028301888 0.12208333333333334 0.08032099056603774 0.24416666666666667 0.6230227562747231 0.12349911417575639 2 0.6335853773584905 0 2
1 0.6906120283018868 0.11583333333333333 0.08387016509433962 0.23166666666666666 0.6854630896226415 0.08407979166666667 2 0.7043278301886792 0 2
1 0.750622641509434 0.10913333333333333 0.09605695754716981 0.18673354166666664 0.7533759433962264 0.11906958333333333 2 0.7731837264150944 0.035760625 2
1 0.3104561320754717 0.11246812499999999 0.0800311320754717 0.21339729166666668 0.31066692207620805 0.11370549208819097 2 0.30534009433962267 0.02243125 2
1 0.23286886792452832 0.1116325 0.08897924528301887 0.181735 0.2331032259136299 0.11268627582825017 2 0.2619514150943396 0.12740041666666665 2
1 0.312696108490566 0.35409208333333336 0.07319257075471698 0.11348270833333333 0.31288888674626697 0.3547501037199734 2 0.32609127358490564 0.3606654166666667 2
1 0.0661556603773585 0.4549239583333333 0.132311320754717 0.28848749999999995 0.047837500000000005 0.4689670833333333 2 0 0.54894375 2
1 0.10729103773584905 0.614055 0.11136120283018867 0.12689020833333334 0.10443148584905661 0.6155908333333334 2 0.14121757075471697 0.6255879166666667 2
1 0.035495283018867924 0.6848820833333333 0.07099056603773585 0.185235625 0 0.69390125 2 0.06481568396226416 0.6139247916666667 2
0 0.6613360849056603 0.7583608333333333 0.016401650943396226 0.024283958333333334 0.6613360308105055 0.7582582891923337 2 0 0 0
0 0.7366680424528301 0.7407545833333333 0.01574257075471698 0.023898541666666665 0.7366679905314226 0.7406536666955797 2 0 0 0
0 0.5607067216981132 0.6273004166666667 0.013922287735849057 0.03128458333333333 0.5607066757802777 0.6271683109086016 2 0 0 0