1 0.5889707547169811 0.5484433333333333 0.10319056603773585 0.17894666666666667 0.5883100235849057 0.5406127083333333 2 0.6298122641509434 0.5872658333333334 2
1 0.650639858490566 0.39430729166666667 0.10013549528301888 0.2872189583333334 0.6562228773584905 0.41231708333333333 2 0.6505634433962265 0.29235208333333335 2
1 0.4594922169811321 0.4132608333333333 0.09539952830188679 0.26181166666666666 0.4600303066037736 0.42231416666666666 2 0.4921002358490566 0.2956845833333333 2
1 0.7360007075471698 0.419924375 0.10832228773584905 0.23181791666666665 0.736397641509434 0.4273127083333333 2 0.7788431603773585 0.31901104166666666 2
1 0.6557002358490567 0.2818133333333333 0.129325 0.14554 0.6467905660377358 0.27902270833333337 2 0.707157429245283 0.23236979166666666 2
1 0.7362356132075472 0.30618395833333334 0.13237688679245282 0.13429895833333333 0.736397641509434 0.3056816666666667 2 0.7882754716981132 0.26402708333333336 2
1 0.4324879716981132 0.10333333333333333 0.13808926886792453 0.20666666666666667 0.4251307783018868 0.124068125 2 0.4807814858490566 0.062419583333333334 2
1 0.6364803066037736 0.06583333333333334 0.1262626179245283 0.13166666666666668 0.6449041273584906 0.040759166666666666 2 0.5873667452830189 0.08741229166666667 2
1 0.7547593160377358 0.21098979166666665 0.12538702830188678 0.13718729166666668 0.7382840801886792 0.19904624999999998 2 0.8024239386792453 0.19571395833333333 2
1 0.27048384433962264 0.11583333333333333 0.09629646226415095 0.23166666666666666 0.266667570754717 0.11407104166666666 2 0.2770430424528302 0.027429791666666665 2
1 0.09148030660377358 0.48591645833333336 0.12588502358490566 0.31266645833333334 0.08368030660377358 0.4822964583333333 2 0.08368030660377358 0.3423375 2
1 0.26789056603773587 0.38908916666666665 0.11563396226415093 0.14348854166666666 0.2591216981132075 0.39565520833333334 2 0.2779864386792453 0.38065958333333333 2
1 0.26258349056603775 0.5976016666666666 0.0955876179245283 0.16396333333333332 0.266667570754717 0.5972629166666666 2 0.22705176886792452 0.5406127083333333 2
1 0.25114716981132074 0.7298714583333333 0.12553584905660378 0.12859041666666665 0.2525189858490566 0.7338895833333333 2 0.29590778301886794 0.7022320833333333 2
1 0.13547205188679246 0.7023783333333333 0.09981049528301887 0.16691020833333334 0.1280122641509434 0.69390125 2 0.13555813679245282 0.7222264583333333 2
1 0.05410224056603774 0.6823841666666667 0.10820436320754717 0.20689833333333332 0.04972393867924528 0.6839041666666666 2 0.05255365566037736 0.5939304166666666 2
1 0.2122262971698113 0.2703610416666667 0.08435837264150943 0.20594458333333332 0.20913030660377357 0.2523639583333333 2 0.19120884433962265 0.3390052083333333 2
0 0.3216218160377358 0.5952254166666666 0.017077830188679245 0.029721875000000002 0.3216218723630333 0.5953509235588682 2 0 0 0