1 0.7278731132075472 0.6655125000000001 0.08481981132075471 0.21980833333333333 0.7280965158713243 0.6667870409993377 2 0.7609218160377359 0.7488852083333334 2
1 0.5744681603773585 0.6552995833333333 0.12512016509433962 0.13606749999999998 0.5656725235849056 0.6522466666666666 2 0.6156637971698113 0.6705747916666667 2
1 0.4712834905660377 0.6615508333333333 0.10011403301886793 0.16523166666666667 0.4710198052157685 0.6625089159062819 2 0.49964610849056607 0.6988997916666667 2
1 0.3727147405660377 0.6126045833333333 0.07815530660377358 0.23395729166666665 0.37292058992377297 0.6139611659332795 2 0.3685367924528302 0.7088968750000001 2
1 0.4199883254716981 0.288273125 0.1555426886792453 0.17845375 0.41381191037735854 0.29235208333333335 2 0.4864409198113207 0.22403875 2
1 0.623283608490566 0.29994604166666666 0.09824410377358492 0.28844125 0.6279258254716981 0.32567583333333333 2 0.6515067216981132 0.19904624999999998 2
1 0.6014695754716981 0.176828125 0.10177783018867924 0.13884375 0.6017376430142163 0.17763319935361163 2 0.5694454009433962 0.16239020833333334 2
1 0.5849621462264152 0.07312500000000001 0.1159246462264151 0.14625000000000002 0.5852674743609764 0.07397301890049572 2 0.5336025943396226 0 2
1 0.2827466981132076 0.647594375 0.09063867924528302 0.16397791666666667 0.2829854268025236 0.6485451878040838 2 0.3006239386792453 0.6755733333333332 2
1 0.19076474056603773 0.6871704166666667 0.11218985849056604 0.14315916666666664 0.19046924930231876 0.6880005136178635 2 0.14310400943396226 0.7138954166666667 2
1 0.17366521226415094 0.5740397916666667 0.15582110849056605 0.15974625 0.1732548028307008 0.5731135158425074 2 0.23459764150943394 0.6039277083333333 2
1 0.31151733490566036 0.32827104166666665 0.08026721698113207 0.23179104166666667 0.3117287467186359 0.32961506343965075 2 0.29213490566037736 0.22737125 2
1 0.22886025943396227 0.3815925 0.1017133254716981 0.17514833333333335 0.22912815708072878 0.38260808356962045 2 0.22422205188679245 0.3106802083333333 2
1 0.2480810141509434 0.205158125 0.11751709905660378 0.14885041666666668 0.24839053656746146 0.20602122220806832 2 0.20252771226415095 0.17571958333333332 2
1 0.20162334905660376 0.07312500000000001 0.1302438679245283 0.14625000000000002 0.2019663918738643 0.07397301890049572 2 0.2019663918738643 0.10367060403407091 2