1 0.7104215801886793 0.7267525 0.0819870283018868 0.2056616666666667 0.7106375217267776 0.7279450126867746 2 0.7106375217267776 0.769706755281963 2
1 0.6315375000000001 0.729249375 0.0958872641509434 0.16733458333333334 0.6317900526749007 0.7302196511666547 2 0.6590525943396227 0.7772102083333333 2
1 0.6680912735849056 0.47658062500000004 0.1029683962264151 0.20183895833333335 0.6683624768998346 0.47775097201896094 2 0.68640625 0.40565229166666666 2
1 0.7232760613207547 0.34180541666666664 0.12467417452830187 0.15888895833333333 0.7236044344008187 0.3427267215538239 2 0.7722405660377358 0.40731854166666664 2
1 0.6650247641509435 0.08729125 0.08740306603773586 0.17458229166666667 0.6652549707202704 0.08830355142239445 2 0.6467905660377358 0 2
1 0.5772975235849056 0.27431791666666666 0.11002759433962264 0.19386416666666667 0.5779344339622641 0.28402125 2 0.6147205188679246 0.20404479166666667 2
1 0.45997158018867923 0.38492479166666665 0.0828870283018868 0.16848354166666668 0.456257429245283 0.38065958333333333 2 0.4590871462264151 0.4089847916666667 2
1 0.3596271226415094 0.387009375 0.09725518867924528 0.18931458333333331 0.3598832782244891 0.38810710043457186 2 0.3543882075471698 0.31901104166666666 2
1 0.38191308962264153 0.22828083333333332 0.10221143867924527 0.16510479166666667 0.38645813679245283 0.214041875 2 0.34967205188679246 0.23736833333333335 2
1 0.38604044811320753 0.11079583333333334 0.11046615566037735 0.13340854166666669 0.38633139940215144 0.11156939206715148 2 0.3449558962264151 0.07408270833333333 2
1 0.273786320754717 0.5192791666666666 0.1179932783018868 0.15394166666666667 0.2740970973559612 0.520171785079707 2 0.23082476415094338 0.49562604166666663 2
1 0.16813490566037734 0.521988125 0.11231509433962264 0.16935687500000002 0.16843072677654286 0.5229701272627617 2 0.14027429245283018 0.45730375 2
1 0.0626179245283019 0.674259375 0.1252358490566038 0.19398125000000002 0.043121344339622635 0.6822379166666667 2 0.11857995283018868 0.63725125 2
0 0.3162656839622642 0.5312835416666667 0.013561320754716982 0.021970416666666666 0.31626563923495293 0.5311907669437999 2 0 0 0