1 0.5590212264150943 0.42450208333333334 0.12063667452830187 0.16432916666666667 0.5593389653256058 0.42545493283238317 2 0.6015153301886792 0.4689670833333333 2
1 0.6529975235849056 0.3136877083333333 0.08598608490566038 0.202624375 0.6532239980384157 0.314862609527871 2 0.6515067216981132 0.22737125 2
1 0.6034659198113208 0.237865625 0.08853573113207547 0.20426854166666666 0.6032327299719852 0.23905005976314547 2 0.6222665094339623 0.20071229166666665 2
1 0.7177326650943396 0.256614375 0.0909497641509434 0.225104375 0.7179722131346481 0.2579196246723711 2 0.7477163915094339 0.16738875 2
1 0.8667786556603773 0.6536333333333334 0.14191450471698114 0.13939979166666666 0.8671524371848668 0.6544416318499727 2 0.8090265330188678 0.6255879166666667 2
1 0.9346698113207548 0.33701562500000004 0.13066037735849056 0.172635625 0.9646600235849057 0.3390052083333333 2 0.8769393867924528 0.387324375 2
1 0.870903891509434 0.21391229166666664 0.10300341981132076 0.22300895833333334 0.8656205188679246 0.21904020833333335 2 0.9108957547169811 0.13239895833333332 2
1 0.9777122641509435 0.757345 0.044575471698113205 0.17635687500000002 0.9882409198113207 0.7505512499999999 2 1 0.7488852083333334 2
1 0.45465849056603774 0.12163208333333334 0.0786564858490566 0.19506916666666668 0.45342771226415096 0.10407395833333334 2 0.4383359669811321 0.16405645833333335 2
1 0.3802619103773585 0.19433041666666667 0.09136297169811322 0.20383916666666665 0.3805025467443833 0.1955123617332966 2 0.348728891509434 0.242366875 2
1 0.28310106132075474 0.40971145833333333 0.10643926886792451 0.14807729166666667 0.2833814063937432 0.4105700726380687 2 0.2893051886792453 0.36233166666666666 2
1 0.2664757075471698 0.24827625 0.11846367924528302 0.14178083333333333 0.26678772311395943 0.2490983547958612 2 0.21196002358490565 0.19404770833333332 2
1 0.2872280660377359 0.07625 0.10526084905660378 0.1525 0.28750530732965246 0.07713425902444852 2 0.31194280660377355 0.047423958333333335 2
1 0.21152641509433964 0.09871770833333333 0.09156969339622642 0.182564375 0.21176759593531808 0.09977629322603206 2 0.2393137971698113 0.169055 2
1 0.14030625 0.07312500000000001 0.09250070754716981 0.14625000000000002 0.14054988299264085 0.07397301890049572 2 0.11386379716981132 0.024036458333333333 2
1 0.20350860849056604 0.26865958333333334 0.09817158018867925 0.14268104166666667 0.20376717771136313 0.26948690791504787 2 0.16385507075471697 0.21398083333333334 2
0 0.7268027122641509 0.666796875 0.014134669811320754 0.027280000000000002 0.7268026656458468 0.6666816794405254 2 0 0 0
0 0.3365895047169812 0.7106447916666667 0.013391037735849057 0.02614416666666667 0.3365894605512894 0.7105343924032443 2 0 0 0
0 0.008328301886792453 0.6691164583333333 0.016656485849056605 0.022474583333333336 0.008328246951153107 0.6690215546602746 2 0 0 0
0 0.005058018867924528 0.5898260416666666 0.010116037735849057 0.02544916666666667 0.005057985503683974 0.5897185771874757 2 0 0 0