1 0.7014625 0.7863239583333334 0.13764091981132076 0.16151875 0.6854630896226415 0.7722116666666667 2 0.7533759433962264 0.8338602083333334 2
1 0.7031141509433962 0.6082220833333333 0.15792252358490563 0.14854791666666667 0.6930088443396227 0.60726 2 0.7731837264150944 0.5822672916666666 2
1 0.6779870283018867 0.40531291666666663 0.10550235849056604 0.18062604166666668 0.677709150910337 0.4042655710444098 2 0.6477338443396226 0.45730375 2
1 0.4209433962264151 0.32076958333333333 0.11613207547169811 0.19679395833333332 0.4241875 0.3323404166666667 2 0.4524845518867925 0.25403 2
1 0.46433537735849056 0.5038675 0.10481981132075473 0.193098125 0.4713491745283019 0.49062750000000005 2 0.42230106132075473 0.43730979166666667 2
1 0.5162185141509434 0.67029875 0.12369504716981132 0.15606895833333334 0.5165443083563712 0.6712037033432297 2 0.46286002358490563 0.6289202083333334 2
1 0.38037983490566035 0.6523868749999999 0.09348549528301887 0.18355979166666667 0.3806260616815226 0.6534512317364403 2 0.37136639150943396 0.677239375 2
1 0.3926435141509434 0.5413602083333333 0.10669398584905661 0.16811291666666667 0.39292453011026385 0.5423349976034242 2 0.348728891509434 0.47063333333333335 2
1 0.3104491745283019 0.356569375 0.0803323113207547 0.19147208333333332 0.3102375912665971 0.3554591394746396 2 0.3213751179245283 0.28068895833333335 2
1 0.24925908018867926 0.685296875 0.09157617924528301 0.15940604166666666 0.24950027811241152 0.6862211781534122 2 0.2581784198113208 0.7322233333333333 2
1 0.07205188679245284 0.733205 0.14410377358490567 0.13858979166666666 0.07243143452284645 0.734008601796575 2 0.013881014150943397 0.738888125 2
1 0.18558549528301885 0.5124070833333333 0.0962817216981132 0.18018583333333332 0.18460625 0.5222847916666666 2 0.20535742924528302 0.5656054166666666 2
1 0.26765459905660377 0.503239375 0.11138891509433962 0.14852125 0.2679479807555234 0.5041005635615402 2 0.2949645047169811 0.48562895833333336 2
1 0.20868820754716982 0.3638597916666667 0.11029941037735849 0.19355291666666666 0.2185626179245283 0.38065958333333333 2 0.22327877358490564 0.2890197916666667 2
1 0.1853507075471698 0.12537791666666667 0.12033632075471698 0.14591083333333332 0.18566765537088145 0.12622396893643587 2 0.13650141509433963 0.08574604166666666 2
0 0.3334235849056604 0.7279154166666667 0.014209198113207547 0.02858125 0.33342353804155056 0.7277947263043413 2 0 0 0
0 0.0453625 0.592171875 0.018959198113207548 0.024160833333333336 0.04536243746966321 0.5920698507803076 2 0 0 0