1 0.6369616745283019 0.7159175 0.09918974056603773 0.160665 0.6372229254308537 0.7168491031223804 2 0.6703713443396226 0.7622145833333334 2
1 0.7136056603773585 0.7023783333333333 0.09212818396226416 0.16691020833333334 0.7138483121987389 0.7033461487955716 2 0.7439435141509434 0.7572160416666667 2
1 0.5434554245283019 0.49533666666666665 0.09516450471698114 0.32266 0.5437060735632355 0.4972075848098047 2 0.5477510613207548 0.3540008333333333 2
1 0.7356569575471698 0.37346645833333336 0.12113891509433963 0.145566875 0.7297950471698114 0.37232875000000004 2 0.7816728773584906 0.387324375 2
1 0.408678891509434 0.3624314583333333 0.08405731132075472 0.21347041666666666 0.40890028586255256 0.3636692494309745 2 0.3760825471698113 0.26402708333333336 2
1 0.350783962264151 0.24744187499999998 0.10786591981132075 0.12678270833333333 0.35106806492178944 0.24817701437041162 2 0.3062833726415094 0.23570208333333334 2
1 0.3612787735849056 0.10017541666666667 0.11753667452830188 0.1754825 0.36158834756028074 0.10119293787491447 2 0.31194280660377355 0.122401875 2
1 0.2954819575471698 0.68612875 0.10290400943396227 0.14107583333333332 0.2957529912769427 0.6869467669098792 2 0.3006239386792453 0.6472483333333333 2
1 0.2979571933962264 0.5688535416666666 0.0814439858490566 0.129793125 0.29968066037735847 0.5589408333333333 2 0.2836457547169811 0.5589408333333333 2
1 0.28451509433962263 0.335141875 0.0847432783018868 0.18888270833333334 0.2847382954269047 0.33623709624200676 2 0.2534622641509434 0.26569333333333334 2
1 0.8718373820754717 0.47721 0.12527853773584904 0.26308000000000004 0.8715074171933469 0.47873544828952075 2 0.9156119103773585 0.38232583333333336 2
1 0.9493168632075472 0.6605127083333334 0.10136627358490566 0.21314104166666667 0.9599438679245283 0.6589114583333333 2 0.9816383254716982 0.6689085416666667 2
1 0.03667452830188679 0.6475956249999999 0.07334905660377358 0.18064208333333334 0.01671073113207547 0.6355850000000001 2 0.05821308962264151 0.7188939583333334 2