1 0.5347303066037736 0.614681875 0.10789775943396226 0.15480291666666668 0.5350144931222036 0.615579487302121 2 0.5694454009433962 0.6589114583333333 2
1 0.36528655660377357 0.4663747916666667 0.08593643867924528 0.21808354166666666 0.36551290029656797 0.4676393315997975 2 0.3449558962264151 0.5472775 2
1 0.5594924528301887 0.4974077083333333 0.11026025943396225 0.160184375 0.5597828618193476 0.4983365245901818 2 0.5958558962264151 0.54894375 2
1 0.49027747641509434 0.3328477083333333 0.12840719339622642 0.14763812499999998 0.49061568170706776 0.3337037761653589 2 0.5345457547169812 0.3223433333333333 2
1 0.6160897405660378 0.37576333333333334 0.0725375 0.22013999999999997 0.6162807934636026 0.37703979747524874 2 0.6326419811320755 0.2890197916666667 2
1 0.7015702830188679 0.38139249999999997 0.09606521226415095 0.28804833333333335 0.7013172616553215 0.38306272516870393 2 0.7420570754716982 0.2573622916666667 2
1 0.5975798349056604 0.16162166666666666 0.1355005896226415 0.131756875 0.5979367231395967 0.1623856483437282 2 0.5373754716981132 0.13406520833333332 2
1 0.7033379716981132 0.11243874999999999 0.12082688679245283 0.18654416666666668 0.7030197317970215 0.11135708860437225 2 0.7430002358490566 0.09074458333333334 2
1 0.23169080188679247 0.3418116666666667 0.11492016509433961 0.24221020833333334 0.23199348436867984 0.3432161031422884 2 0.19026568396226415 0.2523639583333333 2
1 0.07087264150943397 0.2816058333333334 0.14174528301886793 0.15845479166666668 0.08462358490566038 0.2890197916666667 2 0 0.23903437500000002 2
1 0.09455943396226416 0.4401245833333334 0.1839943396226415 0.162250625 0.1148070754716981 0.445640625 2 0.019540448113207546 0.4639685416666667 2
1 0.03903301886792453 0.5140695833333333 0.07806603773584905 0.12686083333333334 0.01671073113207547 0.5072891666666667 2 0 0.48562895833333336 2
1 0.03844339622641509 0.6967516666666668 0.07688679245283019 0.13233 0.02237016509433962 0.692235 2 0 0.6905689583333333 2
0 0.3199745283018868 0.6998818750000001 0.019034669811320754 0.023564375000000002 0.31997446552263276 0.6997823694515471 2 0 0 0