1 0.5047698113207547 0.6063510416666666 0.12935106132075472 0.17146458333333334 0.5090785377358491 0.6122585416666666 2 0.45154127358490564 0.6572452083333334 2
1 0.4605514150943396 0.5036566666666666 0.14232924528301888 0.15602020833333335 0.4601765412053919 0.5045613373369295 2 0.520397287735849 0.44897291666666667 2
1 0.7390746462264152 0.45325166666666666 0.07892606132075472 0.21516333333333335 0.7420570754716982 0.447306875 2 0.7118735849056604 0.36733020833333335 2
1 0.7022742924528301 0.27327250000000003 0.17766179245283018 0.14178812500000001 0.6986683962264152 0.27069187499999997 2 0.7769567216981131 0.2290375 2
1 0.7438994103773584 0.09663333333333333 0.14534610849056603 0.16173354166666665 0.7435165905231189 0.09757113230890561 2 0.8043103773584905 0.11906958333333333 2
1 0.6383778301886792 0.18890979166666666 0.12465955188679245 0.13968041666666667 0.638706164754898 0.18971971736487145 2 0.5939694575471698 0.1590579166666667 2
1 0.5863754716981132 0.31910479166666667 0.0753623820754717 0.216790625 0.5865739649114567 0.32036183472615576 2 0.5675589622641509 0.22737125 2
1 0.4967609669811321 0.3307704166666667 0.08477995283018867 0.2267925 0.4969842646636221 0.3320854547965174 2 0.5128514150943396 0.242366875 2
1 0.4323707547169811 0.23244645833333333 0.11945896226415094 0.15677395833333332 0.43205611772396846 0.23335549956254492 2 0.47229233490566036 0.1790520833333333 2
1 0.45347629716981136 0.09994375 0.14704705188679246 0.14488729166666667 0.45720070754716985 0.10740625 2 0.5147378537735849 0.047423958333333335 2
1 0.23015919811320756 0.269316875 0.14392688679245283 0.17053270833333334 0.2393137971698113 0.269025625 2 0.17894693396226416 0.22403875 2
1 0.10870589622641509 0.236201875 0.10853160377358491 0.240929375 0.10537464622641508 0.2623610416666667 2 0.14687700471698112 0.14406229166666668 2
1 0.06379716981132076 0.34909958333333335 0.12759433962264152 0.20680083333333332 0.06413325471698113 0.35029875000000005 2 0.025199882075471698 0.25403 2