1 0.7176146226415094 0.7725797916666667 0.08882724056603775 0.21400708333333332 0.7178485802729805 0.7738206945829513 2 0.7033845518867925 0.8371925 2
1 0.7189130896226414 0.6513452083333333 0.12160766509433962 0.18147645833333334 0.7184762971698114 0.6522466666666666 2 0.6882926886792452 0.57726875 2
1 0.6348387971698113 0.7325841666666667 0.08928455188679246 0.19399833333333336 0.6350739592907247 0.7337090504501288 2 0.6628254716981132 0.797204375 2
1 0.6374255896226414 0.5392477083333334 0.08098325471698113 0.23599520833333332 0.6372122918736438 0.5378793090369703 2 0.6486770047169811 0.6305866666666666 2
1 0.5385029481132075 0.6927970833333333 0.08903219339622642 0.18107145833333332 0.5387374455596994 0.6938470116684239 2 0.5430349056603774 0.7505512499999999 2
1 0.4454694575471698 0.7304983333333334 0.1142496462264151 0.15650333333333333 0.4457703739829074 0.7314058053651777 2 0.49304351415094344 0.7772102083333333 2
1 0.3057403301886793 0.727583125 0.09889669811320755 0.17066687500000002 0.30600080926135376 0.7285727231927421 2 0.32892087264150943 0.7288910416666667 2
1 0.4633920990566038 0.5857297916666667 0.10670625 0.18354020833333334 0.4636731473178587 0.5867940348507186 2 0.42230106132075473 0.6472483333333333 2
1 0.38780931603773583 0.19474270833333335 0.11400389150943395 0.14468145833333335 0.38810958519240135 0.19558163217072103 2 0.3411830188679245 0.13573145833333333 2
1 0.3862760613207547 0.07520833333333334 0.10527794811320755 0.15041666666666667 0.38655334764902227 0.07608051231646426 2 0.3440127358490566 0.08574604166666666 2
1 0.10681981132075473 0.6038516666666667 0.11796474056603773 0.18312791666666667 0.10713051275788212 0.6049135192105417 2 0.12046639150943397 0.6589114583333333 2
1 0.11012075471698114 0.31244125 0.10570188679245282 0.24678416666666667 0.11039915763615771 0.3138722082063345 2 0.11009080188679245 0.3989875 2
1 0.21388537735849056 0.29618812499999997 0.10571981132075473 0.17095729166666668 0.21416382748818677 0.29717940715050184 2 0.1714010613207547 0.23903437500000002 2
1 0.26836132075471697 0.08770833333333333 0.09582441037735849 0.17541666666666667 0.2647811320754717 0.08907833333333333 2 0.2581784198113208 0 2
1 0.22378974056603773 0.151626875 0.09534504716981132 0.18507958333333333 0.2081871462264151 0.12906666666666666 2 0.23082476415094338 0.13239895833333332 2