1 0.7105396226415094 0.7384158333333333 0.08410943396226414 0.182335 0.7107611542778497 0.739473088213483 2 0.722249174528302 0.677239375 2
1 0.6397832547169812 0.6898856250000001 0.09513266509433962 0.24189541666666667 0.6395326895428389 0.6912882361813786 2 0.6467905660377358 0.783875 2
1 0.6025320754716981 0.3624266666666667 0.13031320754716982 0.14681354166666666 0.6028753009191268 0.36327795321833883 2 0.5496375 0.327341875 2
1 0.5331962264150943 0.4538797916666667 0.0803055424528302 0.25974041666666664 0.5334077391716152 0.4553858756499553 2 0.5345457547169812 0.3423375 2
1 0.6732692216981133 0.20765729166666666 0.13380259433962266 0.14385187500000002 0.6729168057291278 0.2084914052316017 2 0.6156637971698113 0.25902854166666667 2
1 0.6917823113207547 0.08869291666666666 0.12130058962264151 0.17738583333333333 0.691462823757443 0.08766435913267112 2 0.6467905660377358 0.01909875 2
1 0.4328517688679245 0.30660708333333336 0.09467370283018868 0.22511895833333334 0.4336198113207547 0.31234625 2 0.41098219339622644 0.21737416666666667 2
1 0.3783753537735849 0.3640939583333333 0.09513596698113207 0.16014541666666665 0.37862592764440184 0.36502254869340917 2 0.3440127358490566 0.3173447916666667 2
1 0.39653408018867925 0.15100354166666669 0.0918375 0.20715937499999998 0.39677596639209284 0.15220473869514448 2 0.3675935141509434 0.07075041666666666 2
1 0.17709846698113207 0.6794639583333333 0.1604257075471698 0.15440520833333335 0.17752100423800993 0.6803592645555667 2 0.2393137971698113 0.7038983333333333 2
1 0.1687248820754717 0.3153491666666667 0.12292747641509434 0.13263520833333334 0.1690486546146334 0.3161182412891478 2 0.21290330188679246 0.31567875 2
1 0.25975459905660375 0.12475583333333334 0.1201133254716981 0.18465499999999999 0.2600709595441794 0.12582654054749426 2 0.2081871462264151 0.05408875 2
1 0.30066933962264153 0.31660541666666664 0.08309528301886793 0.22178916666666665 0.3034536556603774 0.329008125 2 0.3006239386792453 0.21904020833333335 2
1 0.2806258254716981 0.4840745833333333 0.12789917452830188 0.136850625 0.2770430424528302 0.48063041666666667 2 0.32514799528301885 0.46730104166666664 2
1 0.12686533018867924 0.07312500000000001 0.12409941037735849 0.14625000000000002 0.12719218942615898 0.07397301890049572 2 0.12235294811320756 0.010767916666666665 2
0 0.31993549528301884 0.5981483333333333 0.01909139150943396 0.03062375 0.31993543231668803 0.5980190180835364 2 0 0 0