1 0.719855070754717 0.7425812500000001 0.09142181603773585 0.17400416666666668 0.7200958621089083 0.743590199210929 2 0.736397641509434 0.7138954166666667 2
1 0.7350665094339623 0.6590539583333332 0.10109339622641508 0.20355875 0.7353327742800588 0.660234277426402 2 0.7675244103773584 0.7338895833333333 2
1 0.5975794811320755 0.36763375000000004 0.12606745283018866 0.14056604166666667 0.5979115238982562 0.3684488109237689 2 0.5477510613207548 0.36733020833333335 2
1 0.46704740566037733 0.6103091666666667 0.10647110849056603 0.17604854166666667 0.46732783459415733 0.6113299700221404 2 0.4326765330188679 0.648914375 2
1 0.38226757075471696 0.6802970833333333 0.1180120283018868 0.15273895833333334 0.38257839674064953 0.681182727938521 2 0.33646686320754715 0.6272541666666667 2
1 0.3682260613207547 0.5317547916666666 0.10626344339622643 0.15434270833333336 0.36794617934569257 0.5308598478456727 2 0.3232615566037736 0.49562604166666663 2
1 0.38627570754716983 0.3749254166666667 0.09584481132075472 0.155149375 0.3865281484076818 0.37582503787965876 2 0.3515584905660377 0.31901104166666666 2
1 0.38946025943396223 0.245986875 0.1154191037735849 0.167193125 0.3897642560455119 0.24695633093184916 2 0.3694799528301887 0.184050625 2
1 0.611019575471698 0.12416666666666668 0.07560247641509434 0.24833333333333335 0.6112187010575286 0.12560660759172493 2 0.6062314858490566 0.01743270833333333 2
1 0.691666037735849 0.09535770833333333 0.08569044811320754 0.19071520833333333 0.6948955188679244 0.065751875 2 0.689235966981132 0 2
1 0.2918176886792453 0.6515525 0.10439009433962265 0.16856166666666667 0.29154274082467824 0.6525298913109907 2 0.3213751179245283 0.6055939583333333 2
1 0.20681025943396228 0.319518125 0.10100200471698113 0.174296875 0.2070762835685277 0.3205287714567339 2 0.2223356132075472 0.3606654166666667 2
1 0.16082417452830186 0.6392622916666666 0.11278549528301887 0.16397541666666668 0.16112123461001282 0.6402130899747007 2 0.12423938679245283 0.6539129166666666 2
1 0.0905382075471698 0.551955 0.09569917452830189 0.22391020833333333 0.09028615027213004 0.5506566746073122 2 0.12140966981132076 0.63391875 2
1 0.0402122641509434 0.7007108333333334 0.0804245283018868 0.15357833333333334 0.014824292452830188 0.692235 2 0.06764540094339623 0.650580625 2