1 0.6287077830188679 0.7132095833333333 0.10154669811320755 0.16191395833333333 0.628975241794159 0.7141484284404837 2 0.6675416273584905 0.7738779166666667 2
1 0.7163173349056604 0.7150856250000001 0.08434634433962264 0.17899541666666666 0.7165394905284085 0.7161235155739175 2 0.7430002358490566 0.7755439583333333 2
1 0.8299879716981132 0.61072375 0.11172205188679246 0.15021916666666665 0.8302822308293882 0.611594783795214 2 0.7977077830188679 0.57726875 2
1 0.8732620283018868 0.347641875 0.0982872641509434 0.21388270833333334 0.8735209022168929 0.34888205673781797 2 0.9033498820754717 0.27735645833333333 2
1 0.9592208726415095 0.3915883333333333 0.08155837264150943 0.13849 0.9901273584905661 0.37566104166666664 2 0.9656033018867924 0.40565229166666666 2
1 0.6587662735849056 0.3640939583333333 0.12130625 0.16014541666666665 0.6486770047169811 0.35733312500000003 2 0.7090439858490567 0.31567875 2
1 0.3982943396226415 0.5996849999999999 0.10272087264150943 0.16813 0.3980237882477175 0.6006598883264297 2 0.3562746462264151 0.6589114583333333 2
1 0.3475998820754717 0.28327583333333334 0.09772476415094339 0.20511520833333333 0.3478572744498281 0.2844651774252703 2 0.30816981132075466 0.19738 2
1 0.3883997641509434 0.14037958333333334 0.13404941037735849 0.19924083333333334 0.38875283019636064 0.14153486533276707 2 0.3298641509433963 0.169055 2
1 0.6065405660377359 0.08875000000000001 0.11757912735849056 0.17750000000000002 0.6068502518274995 0.08977921952025976 2 0.5562400943396226 0.01743270833333333 2
1 0.6825864386792453 0.07869583333333334 0.08875778301886791 0.15739166666666668 0.6845198113207547 0.062419583333333334 2 0.6807469339622642 0 2
1 0.3092768867924528 0.64988625 0.07767264150943395 0.17189395833333335 0.3094814648827081 0.6508829633370783 2 0.2836457547169811 0.5756025 2
1 0.2351104952830189 0.3711770833333333 0.11987323113207547 0.17097916666666665 0.23542622339810754 0.37216849232426896 2 0.24402995283018866 0.2940183333333334 2
1 0.24501533018867924 0.22077937500000003 0.1189316037735849 0.13010791666666666 0.24532857819850837 0.22153379532435868 2 0.19309540094339622 0.20571083333333334 2
1 0.22921391509433964 0.07625 0.09864764150943396 0.1525 0.2204490566037736 0.05408875 2 0.19498183962264154 0 2
1 0.14372676886792454 0.07871395833333333 0.10688761792452829 0.12256249999999999 0.14400829482509547 0.0794246271640479 2 0.09877205188679246 0.12234104166666666 2
1 0.06910377358490566 0.6698535416666667 0.13820754716981132 0.181959375 0.0714182783018868 0.6821770833333333 2 0 0.7388270833333334 2