1 0.724925 0.7198781249999999 0.07892358490566037 0.19857729166666666 0.7251328728875744 0.721029559506274 2 0.7453579009433962 0.783875 2
1 0.6630129716981132 0.6936302083333333 0.08262971698113207 0.17607270833333333 0.6627953374144089 0.6946511518172864 2 0.6472617924528302 0.7522175 2
1 0.396533608490566 0.35992979166666667 0.08806379716981132 0.18514041666666667 0.39676555532661434 0.36100331353045456 2 0.3805570754716981 0.29400375 2
1 0.3723545990566038 0.11702145833333333 0.06970931603773585 0.18737604166666666 0.3737240566037736 0.117820625 2 0.3935320754716981 0.08283083333333334 2
1 0.4423948113207547 0.10437500000000001 0.09186509433962264 0.20875000000000002 0.4421528524379885 0.1055854201400238 2 0.43432134433962266 0.17903750000000002 2
1 0.5966344339622642 0.09809208333333334 0.10153997641509435 0.16131875 0.5760479952830189 0.09407708333333333 2 0.6128317216981132 0.06075333333333333 2
1 0.8746780660377358 0.6921702083333333 0.12375695754716981 0.14982625 0.8807123820754718 0.7038983333333333 2 0.8656205188679246 0.6755733333333332 2
1 0.8561650943396226 0.34409729166666664 0.11314127358490565 0.16347291666666666 0.8420397405660378 0.3540008333333333 2 0.8080834905660378 0.2940183333333334 2
1 0.886232429245283 0.180163125 0.13931981132075472 0.16550729166666667 0.8750529481132076 0.19404770833333332 2 0.9241009433962264 0.12740041666666665 2
1 0.2661232311320755 0.268908125 0.12153183962264151 0.16971541666666665 0.26644332777321 0.2698922062378724 2 0.2121951650943396 0.2760464583333333 2
1 0.19266014150943395 0.30368833333333334 0.09156639150943396 0.18929 0.19290131365373775 0.30478591622341766 2 0.16385507075471697 0.22737125 2
1 0.27176639150943394 0.07569374999999999 0.11206698113207547 0.15138749999999998 0.27138372641509434 0.057421041666666665 2 0.2282245283018868 0.012836666666666666 2
1 0.19442959905660376 0.10066812500000001 0.10211650943396228 0.16468041666666666 0.19450978773584907 0.07616604166666667 2 0.15630271226415096 0.03824645833333333 2
1 0.8628892688679245 0.46345833333333336 0.11244233490566038 0.17476062499999998 0.8611380896226415 0.4623025 2 0.8611380896226415 0.40231999999999996 2
1 0.7077008254716981 0.08475645833333334 0.10549752358490566 0.12714875 0.7074229608145648 0.08549372016700447 2 0.6762642688679245 0.037426875 2
1 0.16377181603773586 0.4788675 0.11585200471698114 0.13893145833333334 0.1640769528454543 0.4796730829233511 2 0.13319952830188678 0.5043739583333333 2
0 0.6545310141509434 0.3662183333333333 0.015142806603773587 0.023748541666666668 0.6545309642076498 0.36611805010224835 2 0 0 0
0 0.33634563679245283 0.710428125 0.014218632075471697 0.02616791666666667 0.3363455898972283 0.7103176254471883 2 0 0 0
0 0.007322877358490566 0.6690225000000001 0.014645754716981133 0.022476875 0.007322829054550204 0.6689275866498949 2 0 0 0