1 0.705705424528302 0.7175860416666667 0.08953278301886793 0.1839964583333333 0.7059412404527934 0.7186529303797671 2 0.7014981132075472 0.7772102083333333 2
1 0.636835966981132 0.71984875 0.0821625 0.20136416666666665 0.6366195632768938 0.7186811560224554 2 0.6647119103773586 0.795538125 2
1 0.47376886792452827 0.6882133333333333 0.11425459905660378 0.16190666666666667 0.4740697974052779 0.6891521361603391 2 0.42701721698113204 0.6988997916666667 2
1 0.575057429245283 0.41783375 0.11686627358490566 0.12766583333333334 0.5753652374851039 0.4185740100999262 2 0.6203799528301887 0.4273127083333333 2
1 0.6733978773584905 0.43908416666666666 0.11358160377358491 0.17683145833333333 0.6736970342705844 0.44010950970166757 2 0.7184762971698114 0.36899645833333333 2
1 0.368471108490566 0.349313125 0.10551073113207547 0.2772072916666667 0.3666502358490566 0.38232583333333336 2 0.3298641509433963 0.23236979166666666 2
1 0.38957700471698115 0.23016291666666666 0.08924221698113208 0.2655075 0.38174198113207547 0.25403 2 0.3666502358490566 0.13239895833333332 2
1 0.3848612028301887 0.09395833333333334 0.10810766509433961 0.18791666666666668 0.38514594220865145 0.0950479530601811 2 0.342126179245283 0 2
1 0.5844905660377359 0.09434020833333333 0.11686780660377358 0.13715312500000001 0.5847983783152986 0.09513547973341573 2 0.6326419811320755 0.052422500000000004 2
1 0.5920367924528301 0.24848729166666667 0.11120931603773584 0.14220270833333334 0.5864235849056604 0.24903145833333334 2 0.5430349056603774 0.2506977083333333 2
1 0.3005512971698113 0.09395833333333334 0.08097275943396227 0.18791666666666668 0.30076456727580725 0.0950479530601811 2 0.2864754716981132 0.004103333333333333 2
1 0.25633372641509433 0.332018125 0.08686084905660378 0.19929687499999998 0.2565625048662018 0.3331737319525452 2 0.23459764150943394 0.40065375 2
1 0.3003161556603774 0.7132425 0.0955941037735849 0.19518145833333334 0.3005679361948052 0.7143742440389265 2 0.30816981132075466 0.7839358333333333 2
1 0.21717724056603774 0.7440706250000001 0.11784516509433962 0.183525625 0.22327877358490564 0.7439475000000001 2 0.17045778301886794 0.817259375 2
1 0.07441037735849057 0.725319375 0.14882075471698114 0.12936125 0.07480234890984633 0.7260694658375505 2 0.12989870283018867 0.7289520833333333 2
1 0.19973561320754718 0.5174458333333333 0.10571733490566039 0.30344166666666667 0.19026568396226415 0.5006854166666667 2 0.18083337264150942 0.3890514583333333 2
1 0.0977305424528302 0.46557604166666666 0.1077252358490566 0.26968145833333335 0.0974468103356519 0.46713976798311047 2 0.08933974056603773 0.5490045833333334 2
1 0.15209905660377357 0.08041666666666666 0.12174587264150943 0.16083333333333333 0.15241971697578421 0.0813492458563856 2 0.11292063679245283 0 2
0 0.5617557783018868 0.63085125 0.012803537735849057 0.029033125 0.56175573607386 0.6307286515000854 2 0 0 0