1 0.39122783018867924 0.6894635416666667 0.09065742924528301 0.167739375 0.3914666082626836 0.6904361649853493 2 0.3525017688679245 0.6355850000000001 2
1 0.5131433962264151 0.4245070833333333 0.09185283018867925 0.23098604166666667 0.5129014696455834 0.42584643737835226 2 0.5043623820754717 0.3223433333333333 2
1 0.3931143867924528 0.39222270833333334 0.08688455188679245 0.266388125 0.39334322767326063 0.39376733852046236 2 0.3798555424528302 0.28068895833333335 2
1 0.42989551886792454 0.15725479166666664 0.09988537735849057 0.23632375 0.4279603773584905 0.16572250000000002 2 0.46191686320754716 0.047423958333333335 2
1 0.3707110849056604 0.09604166666666666 0.09867205188679246 0.19208333333333333 0.37097097229386156 0.09715544647614965 2 0.33552358490566037 0 2
1 0.6680924528301887 0.4290835416666667 0.13126792452830188 0.146833125 0.6684381928589801 0.4299349417707272 2 0.7147033018867924 0.43231125 2
1 0.7454346698113208 0.3374352083333333 0.08945436320754717 0.213463125 0.7451990604328528 0.3386729571508299 2 0.7722405660377358 0.24903145833333334 2
1 0.6845897405660377 0.2816058333333334 0.11870778301886792 0.15845479166666668 0.6842770820665133 0.28252462073988 2 0.736397641509434 0.22070645833333333 2
1 0.7286985849056604 0.1075 0.09024422169811322 0.215 0.7289362746529485 0.10874666026397661 2 0.722249174528302 0.010767916666666665 2
1 0.29866521226415094 0.20725000000000002 0.09417889150943395 0.26966666666666667 0.2989132653416946 0.20881364054815052 2 0.33269386792452826 0.30734770833333336 2
1 0.28038856132075474 0.329100625 0.09535483490566038 0.18013229166666667 0.28063971165686424 0.3301451076524645 2 0.2883619103773585 0.37899354166666666 2
1 0.273786320754717 0.5374033333333333 0.1179932783018868 0.180193125 0.2740970973559612 0.5384481687230044 2 0.2223356132075472 0.47063333333333335 2
1 0.29312346698113206 0.6707135416666666 0.0981870283018868 0.130239375 0.29338207688994283 0.6714687242416325 2 0.2968510613207547 0.6239216666666666 2
1 0.1974948113207547 0.6882168750000001 0.09368974056603772 0.21189937499999997 0.18932240566037736 0.677239375 2 0.195925 0.6522466666666666 2
1 0.10481580188679245 0.39138104166666665 0.13282122641509433 0.15140458333333334 0.1051656330798267 0.39225894900539043 2 0.1393310141509434 0.4089847916666667 2
1 0.08854316037735849 0.584894375 0.12291367924528303 0.15187791666666667 0.08886689657684384 0.5857750269241111 2 0.10726108490566039 0.6089260416666666 2
1 0.5908575471698113 0.11829479166666666 0.10885082547169811 0.13507708333333335 0.5911442439212666 0.11907802530557608 2 0.5449213443396227 0.07408270833333333 2
0 0.7359248820754717 0.7395789583333333 0.014339150943396226 0.022826875 0.7359248347827575 0.7394825670343347 2 0 0 0
0 0.6610242924528301 0.76163 0.015158490566037736 0.024150208333333333 0.6610242424578086 0.7615280206466134 2 0 0 0
0 0.5610937500000001 0.6312595833333333 0.013100117924528303 0.02970625 0.5610937067938063 0.631134142420993 2 0 0 0