1 0.7640621462264151 0.38326 0.15972806603773584 0.18848020833333334 0.7514895047169812 0.3939889583333333 2 0.8250615566037736 0.3323404166666667 2
1 0.7418945754716981 0.22034145833333335 0.15312877358490565 0.16068312499999998 0.7194194575471697 0.20737708333333332 2 0.7750702830188679 0.214041875 2
1 0.7444906839622641 0.090591875 0.10643419811320756 0.15298291666666666 0.7467732311320754 0.09074458333333334 2 0.7826160377358491 0.037426875 2
1 0.6113731132075472 0.16558333333333333 0.07253667452830188 0.18633333333333332 0.6115641639309433 0.16666377222877973 2 0.5967991745283019 0.19904624999999998 2
1 0.5653870283018868 0.37076604166666666 0.08432016509433962 0.24680125 0.5656091149724285 0.37219709892934 2 0.53831875 0.26569333333333334 2
1 0.48036261792452833 0.3986739583333333 0.10647995283018868 0.1826522916666667 0.48008216569608403 0.39973305300377565 2 0.5260566037735849 0.358999375 2
1 0.3813149764150943 0.38489812500000004 0.09706391509433962 0.198129375 0.3810593246180547 0.38374928770260924 2 0.3449558962264151 0.3106802083333333 2
1 0.3990101415094339 0.2666104166666667 0.08924375000000001 0.18844604166666665 0.4015498820754717 0.2623610416666667 2 0.36382063679245286 0.20904333333333333 2
1 0.41350330188679246 0.10079875 0.14964811320754717 0.1534025 0.41310915119723995 0.10168824209834731 2 0.3543882075471698 0.0807475 2
1 0.2927621462264151 0.13996250000000002 0.07797712264150944 0.191741875 0.28175919811320754 0.10574020833333334 2 0.3213751179245283 0.07574895833333332 2
1 0.11778584905660378 0.4553375 0.12103207547169811 0.2526585416666667 0.11952323113207547 0.4639685416666667 2 0.0695318396226415 0.563939375 2
1 0.19431261792452828 0.6682204166666667 0.13071426886792453 0.21855916666666667 0.20630058962264153 0.6672425000000001 2 0.14121757075471697 0.765546875 2
1 0.10268183962264152 0.63093625 0.13177889150943398 0.24729416666666668 0.11197724056603774 0.6255879166666667 2 0.04878066037735849 0.7322233333333333 2
1 0.04139150943396227 0.4288858333333333 0.08278301886792454 0.29306166666666666 0 0.4206479166666667 2 0.028972759433962263 0.3939889583333333 2
0 0.737338679245283 0.7412458333333334 0.01514492924528302 0.026303333333333335 0.7373386292949887 0.7411347619550569 2 0 0 0
0 0.6611149764150943 0.7634410416666667 0.01577629716981132 0.022550416666666667 0.661114924382452 0.7633458177713476 2 0 0 0
0 0.5603266509433962 0.6271827083333333 0.015851415094339624 0.028483958333333333 0.5603265986630034 0.6270624288056112 2 0 0 0