1 0.5968625000000001 0.6869643750000001 0.09419669811320755 0.172738125 0.5920830188679246 0.692235 2 0.5628428066037736 0.7538835416666667 2
1 0.5355462264150943 0.5034491666666666 0.11307358490566037 0.168935 0.5411483490566038 0.5139539583333333 2 0.4883273584905661 0.5572745833333334 2
1 0.6678544811320755 0.6040614583333334 0.07985719339622642 0.196876875 0.6684849056603773 0.6005952083333334 2 0.6420742924528302 0.5306158333333334 2
1 0.7263400943396227 0.5228225 0.08552724056603773 0.184355 0.7265653602659486 0.5238914676882112 2 0.7609218160377359 0.447306875 2
1 0.6837640330188679 0.38865125 0.12413195754716982 0.1473025 0.6798036556603773 0.388990625 2 0.7288517688679245 0.39565520833333334 2
1 0.5675103773584906 0.33868291666666667 0.10365849056603774 0.18596749999999998 0.5685021226415095 0.35066854166666667 2 0.5279431603773586 0.25902854166666667 2
1 0.44263125 0.22682458333333333 0.07818702830188679 0.18885104166666666 0.4424253170920687 0.22791962095871204 2 0.4704058962264151 0.14906083333333334 2
1 0.37542771226415095 0.08875000000000001 0.09867287735849056 0.17750000000000002 0.37568760182652083 0.08977921952025976 2 0.33175058962264153 0.010767916666666665 2
1 0.6846010613207547 0.09996812499999999 0.14542040094339623 0.18839729166666666 0.6849840768501744 0.10106053159237974 2 0.7411137971698114 0.08907833333333333 2
1 0.3044426886792453 0.3268097916666666 0.08498254716981132 0.18888020833333333 0.3046665199648456 0.3279049984126238 2 0.3204318396226415 0.24903145833333334 2
1 0.2568057783018868 0.5107420833333334 0.09535082547169811 0.20018249999999999 0.2570569180777485 0.5119028255114426 2 0.2525189858490566 0.5855995833333334 2
1 0.2813313679245283 0.122675 0.08403525943396226 0.213816875 0.28155270419628387 0.12391480000851235 2 0.26383785377358493 0.027429791666666665 2
1 0.17709599056603775 0.05333333333333334 0.10382688679245282 0.10666666666666667 0.17989009433962264 0.04242541666666667 2 0.1393310141509434 0.08241375 2
1 0.1256865566037736 0.50407125 0.1311740566037736 0.13019083333333334 0.1148070754716981 0.49895833333333334 2 0.16762806603773583 0.4689670833333333 2
1 0.04139150943396227 0.6384279166666667 0.08278301886792454 0.14897729166666668 0.007278419811320755 0.6322527083333332 2 0.053496816037735845 0.648914375 2
1 0.01839622641509434 0.31930833333333336 0.03679245283018868 0.153883125 0 0.31567875 2 0.008221698113207547 0.25902854166666667 2
0 0.3202510613207547 0.6971479166666666 0.01751356132075472 0.021182708333333335 0.3202510035583493 0.6970584682085418 2 0 0 0