1 0.5203450471698113 0.6688412499999999 0.11308349056603774 0.16315083333333333 0.5206428921264115 0.6697872670276807 2 0.4798382075471698 0.6039277083333333 2
1 0.37472004716981133 0.653843125 0.09537110849056604 0.15981375 0.3749712403681032 0.6547697922174981 2 0.3902310141509434 0.7005660416666667 2
1 0.6519370283018867 0.4182533333333333 0.10461639150943396 0.16849333333333333 0.6522125721892643 0.4192303284189688 2 0.6854630896226415 0.45563770833333334 2
1 0.4092612028301887 0.22932750000000002 0.08456014150943396 0.233845 0.40903848409775545 0.23068343148571913 2 0.4336198113207547 0.12073583333333333 2
1 0.3723545990566038 0.15055729166666668 0.06970931603773585 0.20028104166666666 0.3760825471698113 0.15572541666666667 2 0.35061533018867924 0.07574895833333332 2
1 0.6909575471698114 0.212866875 0.10785837264150942 0.17093291666666666 0.6906734643902864 0.2138580158140184 2 0.6741442216981133 0.14406229166666668 2
1 0.6559375000000001 0.10541666666666667 0.09678066037735848 0.21083333333333334 0.6556825942534091 0.10663916684800806 2 0.6807469339622642 0.020765 2
1 0.5678639150943396 0.08229270833333334 0.09116049528301888 0.16458541666666668 0.5681040181688496 0.08324704367746527 2 0.5307727594339623 0.020765 2
1 0.25951898584905664 0.08041666666666666 0.12530153301886793 0.16083333333333333 0.25723525943396225 0.06741812500000001 2 0.25440554245283015 0.04409145833333334 2
1 0.280623820754717 0.36159708333333335 0.08073349056603774 0.19847229166666666 0.2808364606623946 0.36274790900552495 2 0.29590778301886794 0.2890197916666667 2
1 0.28086014150943395 0.5686497916666667 0.09441167452830188 0.19270062500000001 0.2864754716981132 0.5722702083333334 2 0.2893051886792453 0.49395979166666665 2
1 0.15068466981132075 0.6267647916666667 0.13778160377358492 0.17230395833333334 0.1510475658944788 0.6277638823558763 2 0.09782877358490566 0.5739362499999999 2
1 0.07264150943396226 0.7232066666666667 0.14528301886792452 0.14192 0.061042806603773585 0.7255587499999999 2 0 0.707230625 2
1 0.2060941037735849 0.3861739583333333 0.10039575471698113 0.15765229166666667 0.216676179245283 0.3989875 2 0.23648408018867925 0.3223433333333333 2
0 0.33269622641509433 0.7281145833333333 0.012285377358490565 0.023660833333333336 0.332696266934149 0.7282144961974635 2 0 0 0
0 0.045509551886792454 0.591903125 0.01928372641509434 0.025562708333333333 0.04550948828611166 0.5917951810671501 2 0 0 0