1 0.6719838443396227 0.6930033333333333 0.13527759433962264 0.14816020833333335 0.6571661556603773 0.6955675 2 0.7231924528301887 0.740554375 2
1 0.7473298349056603 0.5621935416666666 0.1048686320754717 0.20977958333333332 0.747606043156864 0.5634099317631096 2 0.7382840801886792 0.6305866666666666 2
1 0.660182783018868 0.4740789583333333 0.08640341981132076 0.17350895833333332 0.6599552093677983 0.47508503611844094 2 0.6732010613207547 0.5306158333333334 2
1 0.602638679245283 0.35846854166666664 0.13169245283018868 0.14222958333333333 0.6022918210726049 0.35929324850342764 2 0.6486770047169811 0.3173447916666667 2
1 0.7087719339622641 0.22599395833333333 0.10887110849056604 0.223845625 0.7099871462264151 0.24569916666666666 2 0.7250788915094339 0.13906375 2
1 0.42471627358490566 0.24244583333333333 0.10858620283018869 0.17010833333333333 0.42500227336000507 0.24343219286699824 2 0.3798555424528302 0.17405354166666667 2
1 0.4648057783018868 0.42346645833333335 0.07557712264150943 0.24556687500000002 0.46500483710967966 0.42489035817152593 2 0.4741787735849056 0.32567583333333333 2
1 0.3803713443396226 0.34032229166666667 0.10461049528301887 0.18397791666666666 0.38009581598202113 0.339255510465934 2 0.3345804245283019 0.26402708333333336 2
1 0.36328360849056607 0.4847004166666667 0.1253194575471698 0.14809916666666664 0.3636136811493376 0.4855591578118359 2 0.3147724056603774 0.48729520833333334 2
1 0.3760173349056604 0.63738875 0.09985212264150943 0.1802225 0.37628033042327075 0.6384337557182536 2 0.34023974056603773 0.7005660416666667 2
1 0.30349988207547174 0.6907114583333333 0.09630212264150943 0.14024395833333334 0.303753527425426 0.6915246516827145 2 0.33835330188679247 0.680571875 2
1 0.26954056603773585 0.354096875 0.09818290094339623 0.18013958333333333 0.26979916507570323 0.3551413999326092 2 0.24120023584905662 0.34067125 2
1 0.1677808962264151 0.559693125 0.10594764150943396 0.19811375 0.16805994642666378 0.5608418716970809 2 0.13272841981132077 0.6322527083333332 2
1 0.08856132075471697 0.7140427083333333 0.17712264150943394 0.16024791666666666 0.08902783523184563 0.714971893031442 2 0 0.7788762499999999 2
1 0.05082547169811321 0.6640477083333334 0.10165094339622642 0.12690479166666666 0.05109320503984749 0.6647835555941662 2 0 0.6755733333333332 2
1 0.04669811320754717 0.5463574999999999 0.09339622641509435 0.14145145833333334 0.0469441048625977 0.5471776949413288 2 0 0.5456114583333334 2
0 0.7087343160377358 0.650419375 0.01805742924528302 0.022232916666666665 0.7087342564815707 0.6503254918154631 2 0 0 0