1 0.7185484669811322 0.76153375 0.13002158018867926 0.13193249999999998 0.7182060096364344 0.7622987500245446 2 0.7703541273584906 0.740554375 2
1 0.7440275943396226 0.7500814583333334 0.09260507075471698 0.19233708333333333 0.7467732311320754 0.7538835416666667 2 0.7430002358490566 0.6905689583333333 2
1 0.6423854952830188 0.2574464583333333 0.09305919811320754 0.2067739583333333 0.6426305992560617 0.25864542055416734 2 0.6543364386792453 0.17738583333333333 2
1 0.5797732311320755 0.5740666666666667 0.09800070754716982 0.20686666666666667 0.5800313502999581 0.5752661664493394 2 0.5543536556603774 0.6455820833333333 2
1 0.45490176886792455 0.628015 0.09538502358490566 0.17813666666666667 0.4551529987164883 0.6290479111808864 2 0.48172476415094334 0.6855704166666666 2
1 0.5445162735849056 0.442805625 0.08596733490566037 0.20561145833333333 0.5447426986537274 0.44161340344222116 2 0.5222837264150944 0.52061875 2
1 0.3987753537735849 0.284945625 0.11329834905660377 0.25177541666666664 0.4062660377358491 0.28235499999999997 2 0.35344504716981134 0.1723872916666667 2
1 0.6531159198113208 0.08354166666666667 0.09754174528301887 0.16708333333333333 0.649620283018868 0.065751875 2 0.6769739386792453 0.13073291666666667 2
1 0.7460231132075472 0.1522220833333333 0.1165746462264151 0.22027770833333332 0.7457160730704574 0.15094482070068682 2 0.7826160377358491 0.22237270833333334 2
1 0.30963160377358495 0.7090416666666666 0.10290648584905661 0.13691645833333332 0.3099026440258638 0.7098355657740553 2 0.27138372641509434 0.7538835416666667 2
1 0.29217936320754717 0.4324195833333333 0.08120719339622641 0.19016104166666667 0.29239325077744494 0.4335222168886926 2 0.28270259433962264 0.35733312500000003 2
1 0.2177758254716981 0.43991729166666665 0.0908633254716981 0.17516541666666668 0.2180151458454875 0.44093297429262596 2 0.24308667452830188 0.503956875 2
1 0.07628030660377358 0.6507181249999999 0.12857146226415095 0.15356375 0.07661894455531197 0.6516085520935453 2 0.02708632075471698 0.6255879166666667 2
1 0.04669811320754717 0.748203125 0.09339622641509435 0.14192729166666668 0.025199882075471698 0.7522175 2 0.002562264150943396 0.6955675 2
0 0.7268509433962264 0.6711652083333333 0.015156721698113208 0.023384375000000002 0.726850993385414 0.6712639537937838 2 0 0 0