1 0.7452068396226414 0.7561216666666667 0.09496356132075472 0.184423125 0.7454569594028022 0.757191029372229 2 0.722249174528302 0.707230625 2
1 0.5143319575471699 0.7125827083333333 0.1274680424528302 0.13400125 0.5146676892563896 0.7133597038389062 2 0.46191686320754716 0.7272247916666666 2
1 0.5795367924528302 0.4682483333333333 0.08243620283018868 0.21183354166666665 0.5797539170492797 0.4694766331425113 2 0.6090612028301886 0.3923229166666667 2
1 0.7121908018867925 0.3661845833333333 0.09495790094339622 0.26429749999999996 0.7124409067583681 0.3677170911990001 2 0.6967819575471698 0.27735645833333333 2
1 0.6986303066037736 0.12413375 0.08670153301886793 0.22339916666666668 0.6988586654403279 0.12542911215855265 2 0.6807469339622642 0.034094375 2
1 0.3874561320754717 0.13787541666666667 0.12650283018867925 0.1375825 0.38778932156032714 0.13867317776326463 2 0.3336370283018868 0.10907249999999999 2
1 0.38792818396226414 0.2982677083333333 0.13499268867924527 0.12513125 0.3882837344612783 0.29899327185499247 2 0.33175058962264153 0.272358125 2
1 0.41186344339622644 0.424085 0.10363160377358491 0.15683 0.4121363935003827 0.42499436618232306 2 0.43927924528301887 0.4656347916666667 2
1 0.4220042452830189 0.6788370833333333 0.10693490566037736 0.1264925 0.422285895788995 0.6795705399539894 2 0.3760825471698113 0.680571875 2
1 0.38415448113207545 0.5798702083333332 0.12367228773584905 0.18807375 0.3949472877358491 0.5889320833333334 2 0.33835330188679247 0.6055939583333333 2
1 0.3176491745283019 0.7063339583333333 0.08687146226415095 0.13816541666666668 0.3178779809330065 0.707135099425492 2 0.28458903301886795 0.7472189583333333 2
1 0.2928797169811321 0.5932264583333333 0.0852877358490566 0.15188041666666668 0.2926550818743155 0.5941071247534939 2 0.2581784198113208 0.5522760416666667 2
1 0.27378596698113206 0.26577 0.10856014150943397 0.090126875 0.28458903301886795 0.26069479166666665 2 0.30534009433962267 0.25902854166666667 2
1 0.2855771226415094 0.0825 0.10384563679245283 0.165 0.2883619103773585 0.07241666666666666 2 0.28553219339622643 0 2
1 0.20196674528301886 0.0575 0.1086504716981132 0.115 0.21761945754716983 0.049089999999999995 2 0.23554091981132075 0 2
1 0.1379485849056604 0.5998947916666667 0.10665 0.18854354166666668 0.13822948501285034 0.600988046277947 2 0.09499917452830188 0.5389466666666666 2
1 0.05965330188679245 0.514075625 0.10286320754716981 0.210181875 0.05992422815051401 0.5152943477524213 2 0.035575471698113204 0.415649375 2
1 0.03313679245283019 0.746538125 0.06627358490566038 0.16192375 0 0.7422204166666667 2 0.005391981132075472 0.7555499999999999 2
1 0.10740860849056603 0.266195625 0.1040505896226415 0.21427541666666666 0.11103408018867923 0.269025625 2 0.06575896226415094 0.17571958333333332 2
0 0.5596955188679246 0.6263091666666667 0.015944575471698114 0.02535625 0.5596954662802746 0.6262020945477177 2 0 0 0
0 0.6606047169811321 0.76983125 0.018983608490566035 0.029030833333333332 0.6606046543702861 0.7697086611771317 2 0 0 0