1 0.687891037735849 0.2757816666666667 0.13096981132075472 0.2801004166666667 0.6882926886792452 0.2856875 2 0.7448866745283019 0.15572541666666667 2
1 0.6564094339622643 0.149759375 0.08829068396226417 0.2846477083333333 0.6571661556603773 0.16405645833333335 2 0.6694280660377357 0.03242833333333333 2
1 0.5704568396226415 0.34660145833333333 0.07182216981132075 0.22846354166666666 0.5713318396226414 0.35233458333333334 2 0.5571833726415094 0.24903145833333334 2
1 0.5094880896226416 0.2972345833333333 0.09161768867924529 0.2396975 0.5092467823692848 0.2986244500711218 2 0.5392619103773585 0.20737708333333332 2
1 0.43332216981132077 0.37909333333333334 0.06543101415094339 0.180146875 0.43349450529081957 0.3801379005460871 2 0.45342771226415096 0.3040154166666667 2
1 0.4021942216981132 0.5938545833333334 0.09938502358490565 0.19645729166666664 0.4024559869468528 0.5949937251895626 2 0.36382063679245286 0.6689085416666667 2
1 0.369760141509434 0.36031875 0.07867122641509434 0.19063770833333335 0.36955293329628097 0.3592133525311873 2 0.3374100235849056 0.27735645833333333 2
1 0.4341396226415094 0.2336977083333333 0.11780766509433961 0.17927104166666666 0.43382933491762005 0.23473719709671717 2 0.467576179245283 0.16239020833333334 2
1 0.38250271226415095 0.10684020833333333 0.10339068396226414 0.162153125 0.38277502782165157 0.10778044022922696 2 0.33929658018867925 0.04409145833333334 2
1 0.29100141509433963 0.7013341666666667 0.10714811320754716 0.13149833333333333 0.2912836271570232 0.7020966492106007 2 0.3232615566037736 0.7122291666666667 2
1 0.16836155660377358 0.5726079166666668 0.10040235849056603 0.197284375 0.168097111847448 0.5737518542992991 2 0.12989870283018867 0.6539129166666666 2
1 0.1794561320754717 0.43533104166666664 0.1462764150943396 0.12600458333333334 0.17984140221780046 0.4360616691416462 2 0.12329610849056603 0.47563187500000004 2
1 0.04610849056603774 0.3047347916666666 0.09221698113207548 0.24136854166666666 0.028972759433962263 0.329008125 2 0 0.20404458333333333 2
1 0.16436191037735848 0.06583333333333334 0.11986096698113208 0.13166666666666668 0.14310400943396226 0.030701041666666665 2 0.13650141509433963 0.10901145833333332 2
0 0.7228909198113207 0.6455164583333333 0.011992924528301887 0.025713958333333335 0.7228908802568204 0.6454078757154258 2 0 0 0