1 0.3952376179245283 0.60135125 0.10622287735849056 0.1647975 0.39551739305473016 0.602306815092338 2 0.36193408018867923 0.6639102083333334 2
1 0.24052370283018867 0.5680227083333332 0.1315192216981132 0.16478770833333334 0.2401773009223355 0.5689782166494771 2 0.2619514150943396 0.5972629166666666 2
1 0.4000713443396226 0.35701208333333334 0.08947983490566037 0.16597583333333335 0.40030702080672376 0.35797448089704065 2 0.36287735849056607 0.330674375 2
1 0.4316733490566038 0.20578375000000002 0.11118160377358491 0.16009895833333332 0.4319661847285921 0.2067120709751545 2 0.45059799528301886 0.154059375 2
1 0.37483726415094343 0.11121541666666666 0.07862735849056604 0.17423583333333334 0.3750443568225615 0.11222570917819 2 0.35061533018867924 0.03909291666666667 2
1 0.7279817216981131 0.5015733333333333 0.13001992924528302 0.15185354166666667 0.7276392687017529 0.502453843920961 2 0.7750702830188679 0.5089554166666667 2
1 0.945872641509434 0.6023954166666667 0.10825471698113207 0.196876875 0.9455875148183527 0.6035369914432174 2 0.9882409198113207 0.5456114583333334 2
1 0.8717198113207547 0.5178239583333333 0.11796792452830189 0.19435208333333334 0.8714091014975481 0.5189508933078112 2 0.9052363207547169 0.45563770833333334 2
1 0.8421234669811322 0.32365916666666666 0.11302051886792452 0.16731854166666665 0.8418257878825417 0.3226889835163302 2 0.8024239386792453 0.27902270833333337 2
1 0.866777004716981 0.18974666666666667 0.1041818396226415 0.18800687500000002 0.8670514040598526 0.1908368094593035 2 0.8260048349056603 0.12906666666666666 2
1 0.29123738207547173 0.3892977083333333 0.11139304245283019 0.14723791666666666 0.29153077464523464 0.3901514555894218 2 0.3166589622641509 0.3706625 2
1 0.2987829009433962 0.18329166666666669 0.08686816037735848 0.22175 0.2990116986514262 0.18457746626451232 2 0.28175919811320754 0.10574020833333334 2
1 0.19808514150943396 0.30555937499999997 0.11373525943396227 0.13971458333333334 0.19838470312749565 0.3063694988108824 2 0.15159316037735848 0.25403 2
1 0.22013431603773587 0.18849395833333332 0.09558030660377358 0.14884562499999998 0.22038606023248736 0.18935702775730662 2 0.17989009433962264 0.13239895833333332 2
0 0.6546695754716981 0.36596375 0.016705896226415096 0.0226325 0.6546695203730958 0.3658681794904762 2 0 0 0
0 0.7271399764150943 0.6671277083333333 0.014649882075471698 0.025453958333333335 0.7271399280975412 0.6670202236203182 2 0 0 0
0 0.3357581367924528 0.7096066666666666 0.012382783018867924 0.024649583333333332 0.3357580959521394 0.7095025785969123 2 0 0 0
0 0.007984080188679245 0.6704239583333333 0.01596816037735849 0.02397104166666667 0.007984027523242643 0.6703227355490231 2 0 0 0