1 0.8176055424528302 0.7379985416666667 0.07752476415094339 0.17483604166666666 0.8178097310562984 0.7390123144380937 2 0.8080834905660378 0.797204375 2
1 0.723863679245283 0.6913383333333333 0.0786877358490566 0.16815666666666665 0.7240709309418095 0.6923133762842919 2 0.7213058962264152 0.7505512499999999 2
1 0.841778891509434 0.6086404166666667 0.09757441037735849 0.1460525 0.8420358878744972 0.6094872903792455 2 0.8146860849056603 0.560606875 2
1 0.8355208726415094 0.399061875 0.09981533018867925 0.2097902083333333 0.8335507075471698 0.413983125 2 0.8071400943396226 0.3356727083333333 2
1 0.8773893867924528 0.32764166666666666 0.10654198113207547 0.17054979166666667 0.8776700023941428 0.3286305859610868 2 0.874109787735849 0.38065958333333333 2
1 0.7216231132075472 0.26682020833333336 0.0760932783018868 0.20885979166666668 0.7218235314919489 0.2680312650915346 2 0.7033845518867925 0.19071520833333333 2
1 0.6516936320754717 0.27994104166666667 0.07131155660377358 0.17845145833333334 0.651505808128975 0.2809757781417962 2 0.6477338443396226 0.20571083333333334 2
1 0.6587752358490566 0.10368958333333333 0.08622299528301886 0.19404562500000003 0.6590023342889745 0.10256442533293332 2 0.6439607311320755 0.15239312500000002 2
1 0.590267216981132 0.1075 0.08880530660377359 0.215 0.5905011168418357 0.10874666026397661 2 0.6241529481132075 0.02243125 2
1 0.49829375 0.332855 0.08407275943396227 0.24762333333333333 0.49851518504113224 0.33429082404697724 2 0.5185108490566038 0.23236979166666666 2
1 0.4162174528301887 0.23661312499999998 0.10271757075471698 0.16510729166666666 0.41594691015193935 0.23757048639448197 2 0.39117441037735845 0.23570208333333334 2
1 0.3919277122641509 0.10496770833333334 0.08527063679245284 0.19506437499999998 0.3917031221936853 0.10609877347393767 2 0.3666502358490566 0.17072125000000002 2
1 0.2736670990566038 0.30118666666666666 0.08757134433962263 0.16096020833333335 0.2738977488457437 0.30211998153090186 2 0.23648408018867925 0.28068895833333335 2
1 0.27708726415094337 0.096840625 0.10195742924528302 0.14881875000000003 0.2773558047304447 0.0977035385914403 2 0.26383785377358493 0.10074166666666667 2
1 0.13842063679245284 0.06479166666666666 0.11513985849056603 0.12958333333333333 0.1251825471698113 0.06569083333333334 2 0.08651002358490566 0 2
1 0.10316367924528301 0.3795116666666667 0.10122004716981131 0.190980625 0.1034302776709724 0.3806190525102802 2 0.10160176886792452 0.3040154166666667 2
0 0.6515629716981132 0.400505 0.0170375 0.026122708333333335 0.6515629155058309 0.4003946913489204 2 0 0 0
0 0.33681662735849055 0.7099393749999999 0.01321568396226415 0.02394166666666667 0.3368165837711424 0.709838276257829 2 0 0 0
0 0.00603561320754717 0.590201875 0.01207122641509434 0.023606458333333333 0.006035573394795139 0.5901021917457873 2 0 0 0