1 0.7393008254716981 0.5265695833333334 0.1432244103773585 0.1518608333333333 0.7279086084905659 0.5222847916666666 2 0.7882754716981132 0.473965625 2
1 0.7416695754716981 0.3628485416666667 0.09732134433962264 0.220969375 0.7419259052987667 0.3641298148730306 2 0.7448866745283019 0.4423083333333333 2
1 0.6726807783018869 0.066875 0.10668242924528303 0.13375 0.6723997927809278 0.0676505386525901 2 0.6901792452830189 0.07574895833333332 2
1 0.6232831367924527 0.35868187500000004 0.08881096698113208 0.21263604166666666 0.6235170515617414 0.35991482804109354 2 0.6166069575471698 0.28402125 2
1 0.5600804245283019 0.39492812499999996 0.07370695754716981 0.231810625 0.5647292452830188 0.413983125 2 0.5534103773584905 0.297350625 2
1 0.502303537735849 0.562814375 0.0996380896226415 0.15437104166666668 0.5025659695225833 0.5637094831095558 2 0.4732356132075472 0.5239510416666666 2
1 0.47317771226415095 0.35639125 0.07534280660377358 0.22138416666666666 0.4733761539186376 0.3576749283425903 2 0.4845543632075472 0.29235208333333335 2
1 0.37931981132075476 0.5399027083333333 0.12154893867924528 0.17519458333333335 0.38928785377358494 0.5239510416666666 2 0.3298641509433963 0.5972629166666666 2
1 0.37648077830188675 0.3776075 0.08975400943396226 0.1960485416666667 0.3762443797001922 0.37647072824787725 2 0.348728891509434 0.4423083333333333 2
1 0.17308950471698112 0.06583333333333334 0.16372665094339625 0.13166666666666668 0.17352073616376834 0.06659679194460583 2 0.09971533018867924 0.03569958333333333 2
1 0.1591733490566038 0.34885812499999996 0.11137016509433963 0.16978395833333335 0.15442275943396228 0.35227354166666663 2 0.1732875 0.2956235416666667 2
1 0.12674823113207548 0.4717564583333333 0.1408431603773585 0.16565375000000002 0.127119190896229 0.4727169883226529 2 0.06387240566037736 0.42558541666666666 2
1 0.030778301886792453 0.39801770833333333 0.061556603773584906 0.17146458333333334 0.014824292452830188 0.40225895833333336 2 0 0.4005927083333333 2