1 0.5294233490566038 0.7025893750000001 0.08785141509433962 0.203988125 0.5296547365101133 0.7037721837895842 2 0.5213404481132076 0.7705454166666666 2
1 0.6427406839622641 0.7223747916666666 0.12772606132075473 0.16025020833333334 0.6335853773584905 0.7222264583333333 2 0.6901792452830189 0.7188939583333334 2
1 0.7191483490566037 0.7415395833333334 0.10698632075471698 0.17192083333333336 0.7194301349822284 0.7425364525029446 2 0.7599785377358491 0.7755439583333333 2
1 0.5916832547169811 0.5211539583333333 0.11427499999999999 0.15435895833333332 0.5919842379307565 0.5220489963786495 2 0.5420916273584906 0.4639685416666667 2
1 0.6331883254716981 0.110625 0.09730247641509435 0.22125 0.633444605603483 0.11190790038792943 2 0.6034017688679245 0 2
1 0.8515660377358492 0.5609445833333333 0.10394351415094338 0.2206108333333333 0.8518398093651665 0.5622237775645865 2 0.8420397405660378 0.6389175 2
1 0.8672477594339623 0.7538322916666667 0.08437240566037735 0.20983562500000003 0.8674699836983211 0.7550490067162211 2 0.850528891509434 0.8022029166666667 2
1 0.832101533018868 0.6934241666666666 0.09533514150943397 0.205651875 0.831850434552211 0.694616622577247 2 0.8203454009433963 0.7455527083333333 2
1 0.9469587264150943 0.8067425 0.10608242924528301 0.229015 0.9533412735849056 0.793871875 2 0.9778654481132076 0.8738485416666666 2
1 0.9681814858490567 0.5932302083333333 0.0636369103773585 0.20187312500000001 0.9910706367924529 0.5989289583333334 2 0.9740923349056604 0.5222847916666666 2
1 0.1105939858490566 0.6607177083333333 0.14249127358490565 0.16689791666666667 0.1109692864962543 0.6616854525233278 2 0.15630931603773585 0.6172570833333333 2
1 0.034316037735849056 0.5773964583333334 0.06863207547169811 0.16687354166666665 0.01010813679245283 0.5739362499999999 2 0 0.562273125 2
1 0.12568608490566038 0.3330575 0.12174091981132075 0.16805187500000002 0.12600672169811322 0.334031875 2 0.126006732232659 0.3681566181602269 2
1 0.19006768867924528 0.06375 0.12977028301886792 0.1275 0.195925 0.049089999999999995 2 0.13650141509433963 0 2