1 0.7110112028301887 0.735500625 0.08316627358490566 0.19649875 0.7112302503235275 0.7366400072490514 2 0.7184762971698114 0.6622439583333333 2
1 0.6367260613207547 0.730915625 0.10437794811320755 0.1640022916666667 0.6370009771839829 0.7318665791405671 2 0.6675416273584905 0.78220875 2
1 0.6634832547169811 0.5190716666666667 0.11187228773584905 0.16685645833333332 0.6631885998870084 0.520039170463839 2 0.6373581367924528 0.5722702083333334 2
1 0.6896607311320755 0.10333333333333333 0.10290625 0.20666666666666667 0.6893896915009877 0.10453167343203953 2 0.659995754716981 0.047423958333333335 2
1 0.4434563679245283 0.11270833333333334 0.08219587264150943 0.22541666666666668 0.4432398763217569 0.11401539380389795 2 0.4694626179245283 0 2
1 0.3663481132075472 0.32327375 0.09560554245283018 0.25845229166666667 0.36659992386974083 0.324772364893742 2 0.3685367924528302 0.4089847916666667 2
1 0.4412248820754717 0.5861470833333333 0.12273879716981131 0.19103916666666668 0.4415481576617949 0.5872548086261079 2 0.39966344339622645 0.6539129166666666 2
1 0.37861344339622643 0.7094577083333333 0.14654669811320756 0.12775125 0.37899942542349635 0.7101984637149534 2 0.32420471698113207 0.7205602083333333 2
1 0.3656314858490566 0.6090356250000001 0.11522535377358491 0.1464045833333333 0.3704232311320755 0.6139247916666667 2 0.3232615566037736 0.6289202083333334 2
1 0.3751912735849056 0.5224066666666667 0.0849948113207547 0.19352020833333333 0.3754151371724405 0.5235287780806464 2 0.34967205188679246 0.4423083333333333 2
1 0.2709570754716981 0.09291666666666668 0.13308584905660378 0.18583333333333335 0.2713076036410883 0.09399420635219684 2 0.3213751179245283 0.154059375 2
1 0.261052358490566 0.7152929166666666 0.13402735849056602 0.16274833333333336 0.2614053664546203 0.7162365998303648 2 0.31005625000000003 0.7188939583333334 2
1 0.2823930424528302 0.6303081250000001 0.09370436320754716 0.20271708333333333 0.28263984569398504 0.6314835637563763 2 0.2742134433962264 0.692235 2
1 0.16424516509433962 0.5340685416666666 0.1460379716981132 0.15352958333333333 0.16462980721251877 0.5349587706475343 2 0.09971533018867924 0.5822672916666666 2
1 0.06202830188679245 0.6448902083333333 0.1240566037735849 0.21521958333333335 0.062355048378096946 0.6461381418336648 2 0 0.7088968750000001 2
0 0.3089429245283019 0.5141862500000001 0.021537971698113206 0.028102291666666668 0.3089428534927752 0.514067582140357 2 0 0 0