1 0.2919445754716981 0.69550375 0.10526167452830189 0.1598258333333333 0.2922218189377834 0.6964304872817377 2 0.24874610849056605 0.650580625 2
1 0.5261139150943397 0.3153577083333333 0.09420884433962264 0.24928479166666667 0.528886320754717 0.3373389583333333 2 0.5552968160377358 0.20071229166666665 2
1 0.6351916273584907 0.34701875 0.06735259433962264 0.2359625 0.6353690239920539 0.3483869596397143 2 0.6515067216981132 0.24403291666666668 2
1 0.48885212264150946 0.2682764583333333 0.1140248820754717 0.18511375000000002 0.48855179820084066 0.2693498255725924 2 0.5364321933962264 0.20071229166666665 2
1 0.4676260613207547 0.14076999999999998 0.1470445754716981 0.15987312499999998 0.46723876795918223 0.13984298850132432 2 0.5279431603773586 0.13573145833333333 2
1 0.3709466981132075 0.154754375 0.09348396226415094 0.22465791666666668 0.37136639150943396 0.169055 2 0.3958905660377358 0.05408875 2
1 0.3842622641509434 0.07 0.11003396226415095 0.14 0.38397245119459517 0.07081177877654292 2 0.4326765330188679 0 2
1 0.7088883254716981 0.30494458333333335 0.07326108490566037 0.27844416666666666 0.7090812841833986 0.30655911951156317 2 0.6845198113207547 0.18571666666666667 2
1 0.735891391509434 0.21245458333333334 0.08765117924528301 0.23009083333333333 0.7361222515717436 0.21378874658459815 2 0.7052709905660377 0.122401875 2
1 0.14313844339622642 0.14996083333333335 0.14344021226415093 0.188411875 0.12989870283018867 0.15393729166666667 2 0.0827370283018868 0.22058458333333333 2
1 0.06143867924528302 0.07104166666666667 0.12287735849056604 0.14208333333333334 0.06176231978134697 0.07186552548452717 2 0 0.08729020833333333 2
1 0.1653060141509434 0.34323625 0.13684080188679246 0.20186083333333332 0.1732875 0.35893833333333336 2 0.10820436320754717 0.26896458333333334 2