1 0.623283962264151 0.14495854166666666 0.10767724056603774 0.14841625 0.623567567968951 0.14581912139412442 2 0.5798209905660378 0.10907249999999999 2
1 0.5406273584905661 0.7204999999999999 0.1385564858490566 0.159833125 0.5409922954969126 0.7214267795618823 2 0.4836112028301887 0.7605483333333333 2
1 0.506303891509434 0.6190352083333334 0.10175884433962264 0.13307041666666666 0.5060358739727951 0.618263610190221 2 0.46474646226415095 0.6272541666666667 2
1 0.39452995283018866 0.6359287499999999 0.10292110849056604 0.15397583333333334 0.3948010315963125 0.6368215665257179 2 0.35344504716981134 0.6172570833333333 2
1 0.3882805424528302 0.500114375 0.10362747641509433 0.14227125 0.3885534816861432 0.5009393234375873 2 0.34778561320754714 0.5422789583333334 2
1 0.42730919811320756 0.41804958333333336 0.07981556603773585 0.23140083333333333 0.427519420345326 0.41939134251457866 2 0.41947134433962263 0.32067729166666664 2
1 0.4877989386792453 0.3503497916666667 0.07440200471698113 0.21263375 0.4836112028301887 0.36233166666666666 2 0.5100216981132075 0.43397729166666665 2
1 0.37248007075471695 0.30618874999999995 0.09843679245283019 0.21095270833333332 0.3727393385048476 0.3074119423677089 2 0.3411830188679245 0.225705 2
1 0.4024303066037736 0.22265416666666665 0.10362995283018869 0.130525 0.40270325235959253 0.2234110054152971 2 0.3657070754716981 0.26069479166666665 2
1 0.38698325471698114 0.09996437500000001 0.09914658018867925 0.13840458333333333 0.3872443919415711 0.1007669028809019 2 0.3562746462264151 0.047423958333333335 2
1 0.25421202830188677 0.079375 0.10525518867924528 0.15875 0.25448925468521827 0.08029549914840133 2 0.2883619103773585 0.01743270833333333 2
1 0.11082877358490566 0.463878125 0.11843667452830188 0.256410625 0.11114071802532031 0.4653649014532507 2 0.1176367924528302 0.560606875 2
1 0.15752252358490568 0.36909625 0.10995507075471699 0.20014104166666666 0.15536603773584906 0.38399208333333334 2 0.1148070754716981 0.29235208333333335 2
1 0.12792700471698112 0.6886281249999999 0.1337685141509434 0.13607729166666666 0.1282793309238601 0.689417158266746 2 0.07424799528301887 0.6822379166666667 2
1 0.16459799528301888 0.556773125 0.1241060141509434 0.145620625 0.1629119103773585 0.5522760416666667 2 0.11386379716981132 0.5389466666666666 2
1 0.31198856132075475 0.27577916666666663 0.06989080188679246 0.23344270833333333 0.31099952830188676 0.2506977083333333 2 0.3034536556603774 0.1740533333333333 2
0 0.7364051886792452 0.7421945833333333 0.01456308962264151 0.024205625 0.7364051406479469 0.7420923699713718 2 0 0 0
0 0.660857429245283 0.7615814583333333 0.01702747641509434 0.022943541666666668 0.66085737308606 0.7614845743847035 2 0 0 0
0 0.5606724056603773 0.6268114583333334 0.014799056603773585 0.029901666666666667 0.5606723568508238 0.6266851922328608 2 0 0 0