1 0.5405081367924529 0.5869752083333334 0.10813455188679245 0.12271604166666666 0.5407929469866951 0.5876867674630931 2 0.5760479952830189 0.590598125 2
1 0.4466380896226415 0.547190625 0.12865365566037734 0.13978541666666666 0.4462992351860228 0.5480011595322872 2 0.4883273584905661 0.5172862500000001 2
1 0.5690448113207547 0.45491291666666667 0.14068384433962264 0.14517416666666666 0.5694153514703553 0.45575469743382596 2 0.5119081367924528 0.4406420833333333 2
1 0.7294075471698113 0.3628497916666667 0.12184528301886792 0.23763375 0.7147033018867924 0.3540008333333333 2 0.771297287735849 0.443974375 2
1 0.6006456367924529 0.233281875 0.13408608490566037 0.18843625 0.6009987994330781 0.23437450748915237 2 0.5439780660377359 0.15739166666666668 2
1 0.42388254716981133 0.3959660416666667 0.08550094339622642 0.18390125 0.4236573505062873 0.39703237832187893 2 0.3958905660377358 0.4639685416666667 2
1 0.36480754716981134 0.36847166666666664 0.08291698113207546 0.20555666666666667 0.36458915627541033 0.36966357051935883 2 0.342126179245283 0.4406420833333333 2
1 0.4151566037735849 0.18662041666666665 0.09163396226415095 0.16509270833333334 0.4149152536580458 0.18757769350085945 2 0.44116568396226413 0.12906666666666666 2
1 0.3927512971698113 0.07786270833333334 0.1270121462264151 0.15572541666666667 0.4015498820754717 0.06075333333333333 2 0.34306945754716983 0.04409145833333334 2
1 0.2895865566037736 0.6977933333333334 0.10997783018867925 0.13441333333333333 0.28987622171665234 0.6985727182710789 2 0.31854540094339623 0.69723375 2
1 0.2523158018867924 0.5300897916666666 0.11736745283018869 0.13434625 0.2520066736159944 0.5293107957062514 2 0.2893051886792453 0.5539422916666666 2
1 0.1865201650943396 0.30098541666666667 0.1037007075471698 0.25719604166666665 0.18460625 0.3106802083333333 2 0.15159316037735848 0.1790520833333333 2
1 0.04492924528301887 0.32660375 0.08985849056603774 0.21845916666666668 0.019540448113207546 0.3240095833333333 2 0 0.26069479166666665 2
0 0.7227049528301887 0.6447458333333334 0.014656957547169811 0.03000375 0.7227049044892997 0.6446191361644334 2 0 0 0
0 0.20702806603773585 0.6035629166666666 0.016179599056603773 0.02843604166666667 0.2070280126749421 0.6034428394771858 2 0 0 0