1 0.48838903301886794 0.5517793750000001 0.08501438679245284 0.22227458333333333 0.4886129481652598 0.5530682163522495 2 0.4704058962264151 0.45730375 2
1 0.7179686320754717 0.713625625 0.09519469339622641 0.15274875000000002 0.7182193606228595 0.7145113263813819 2 0.7496028301886792 0.7488852083333334 2
1 0.6506393867924528 0.7240422916666667 0.09070235849056603 0.17358208333333333 0.650878283203352 0.7250487934612245 2 0.6656551886792452 0.7772102083333333 2
1 0.6915564858490566 0.6369716666666666 0.11028325471698114 0.17272354166666667 0.6918469554043426 0.6379731902761975 2 0.7184762971698114 0.5806010416666666 2
1 0.6595928066037736 0.501580625 0.09701580188679246 0.2518389583333333 0.6593372815297078 0.5030408930105834 2 0.6948955188679244 0.39565520833333334 2
1 0.7402567216981132 0.34659416666666665 0.14731662735849055 0.12847833333333333 0.7406447316035597 0.3473391379827067 2 0.7939349056603774 0.3606654166666667 2
1 0.7272834905660377 0.515115 0.08364056603773584 0.17893687500000002 0.7275037872745744 0.5161525511247566 2 0.7043278301886792 0.5739362499999999 2
1 0.6308303066037736 0.15683395833333333 0.1020186320754717 0.178831875 0.6310990083823519 0.15787090062400744 2 0.593026179245283 0.094076875 2
1 0.6788228773584906 0.05541666666666667 0.13575047169811322 0.11083333333333334 0.6694280660377357 0.045757708333333334 2 0.6298122641509434 0 2
1 0.19112936320754717 0.6840441666666667 0.13943938679245282 0.12024499999999999 0.19149662564258235 0.6847413976594195 2 0.23459764150943394 0.6889029166666667 2
1 0.10764504716981133 0.6119739583333333 0.11772865566037735 0.156051875 0.10795512679469955 0.6128788126202243 2 0.12140966981132076 0.5689379166666666 2
1 0.06851415094339623 0.30827208333333334 0.13702830188679246 0.20512249999999999 0.06887506294234662 0.3094614697054149 2 0.008221698113207547 0.225705 2
1 0.21199929245283017 0.06791666666666667 0.1189259433962264 0.13583333333333333 0.2044141509433962 0.04242541666666667 2 0.16668478773584908 0 2
1 0.13287794811320755 0.06375 0.10028172169811321 0.1275 0.12235294811320756 0.03403354166666666 2 0.09688561320754718 0 2
0 0.4380001179245283 0.10248979166666666 0.014109787735849056 0.030341666666666666 0.4380000713882891 0.10236166757329937 2 0 0 0