1 0.5477 0.360346875 0.0866753537735849 0.19263958333333334 0.547928289884348 0.3614638801805148 2 0.5185108490566038 0.28735375 2
1 0.4821318396226415 0.28869520833333334 0.09350908018867925 0.2526097916666667 0.48188555072767447 0.29015994595920425 2 0.5147378537735849 0.18571666666666667 2
1 0.42753655660377354 0.244115625 0.11403549528301887 0.21676854166666668 0.4272362042095076 0.2453725400110511 2 0.46474646226415095 0.1590579166666667 2
1 0.4270641509433962 0.13975145833333333 0.13195860849056604 0.15466375000000002 0.42671659175662047 0.1406482636886943 2 0.4741787735849056 0.10907249999999999 2
1 0.44781780660377357 0.045000000000000005 0.1168620283018868 0.09000000000000001 0.4475100095453916 0.04552185778492045 2 0.4949299528301887 0 2
1 0.5828389150943396 0.26369645833333333 0.09658632075471697 0.21927395833333332 0.5830933089795068 0.264967900802073 2 0.5458645047169811 0.17072125000000002 2
1 0.5997007075471699 0.20307604166666668 0.09824009433962264 0.161348125 0.5999594572239664 0.2040116058345952 2 0.5600129716981133 0.14406229166666668 2
1 0.6043001179245283 0.07520833333333334 0.11498466981132076 0.15041666666666667 0.6046029703021674 0.07608051231646426 2 0.5515239386792453 0.015766458333333334 2
1 0.7628938679245283 0.29244458333333334 0.09260837264150942 0.25344416666666664 0.7631377844908825 0.2939141590157519 2 0.7297950471698114 0.184050625 2
1 0.7007443396226415 0.07208333333333333 0.11092264150943396 0.14416666666666667 0.700452186018424 0.07291927219251144 2 0.7411137971698114 0 2
1 0.25751580188679246 0.0825 0.15525141509433962 0.165 0.2579247108332659 0.08345673927235414 2 0.18837924528301886 0.112405 2
1 0.10917830188679246 0.5396941666666667 0.10570353773584906 0.16811291666666667 0.10945670915430637 0.5406689559367576 2 0.14687700471698112 0.472299375 2
1 0.07205188679245284 0.3678447916666666 0.14410377358490567 0.17764395833333332 0.07243143452284645 0.3688748459177814 2 0.009164858490566037 0.3056816666666667 2
1 0.14313997641509435 0.33409666666666665 0.18117275943396227 0.13680666666666666 0.15253632075471696 0.3390052083333333 2 0.06292924528301887 0.28068895833333335 2