1 0.645215212264151 0.3107725 0.08739976415094339 0.216788125 0.6454454101368033 0.3120295285634395 2 0.6486770047169811 0.214041875 2
1 0.6647810141509434 0.11868416666666667 0.09795825471698114 0.23736833333333335 0.6645230067974492 0.11730780541507123 2 0.6420742924528302 0.010767916666666665 2
1 0.5989853773584906 0.239531875 0.08429150943396227 0.20093624999999998 0.5987633661626611 0.240696987737058 2 0.5986856132075472 0.16572250000000002 2
1 0.37931816037735855 0.187665625 0.08381639150943397 0.21716875 0.37953892018382146 0.18892486058698824 2 0.36099080188679245 0.240700625 2
1 0.4565444575471698 0.1195475 0.09186261792452831 0.17423833333333333 0.46097358490566037 0.10074166666666667 2 0.4487115566037736 0.16072395833333333 2
1 0.8712477594339623 0.24869458333333333 0.12645778301886793 0.16594416666666667 0.8609043632075473 0.2506977083333333 2 0.8844852594339623 0.26069479166666665 2
1 0.8970714622641509 0.38554812499999996 0.10876662735849056 0.14640375 0.8967849872778997 0.38639703540754494 2 0.8901446933962265 0.43397729166666665 2
1 0.9634653301886792 0.32555604166666663 0.07306922169811321 0.13305479166666667 0.9797518867924528 0.32067729166666664 2 0.9486251179245282 0.3056816666666667 2
1 0.276615212264151 0.17891520833333333 0.09346757075471697 0.19300291666666666 0.27686139182949354 0.1800343202730539 2 0.28175919811320754 0.21904020833333335 2
1 0.2564537735849057 0.41554416666666666 0.1361490566037736 0.153078125 0.2657242924528302 0.4206479166666667 2 0.19875483490566037 0.4356435416666667 2
1 0.1846422169811321 0.06895833333333333 0.09816827830188679 0.13791666666666666 0.1714010613207547 0.049089999999999995 2 0.1497066037735849 0 2
1 0.043750000000000004 0.31160208333333334 0.08750000000000001 0.17845875 0.02614304245283019 0.3106802083333333 2 0 0.2890197916666667 2
1 0.20881438679245284 0.26535770833333333 0.08991839622641509 0.14928479166666667 0.20905121836430798 0.26622332423001643 2 0.1732875 0.20404479166666667 2
0 0.7267563679245284 0.6671993749999999 0.011466981132075471 0.024849375 0.7267563301046698 0.6670944432677521 2 0 0 0
0 0.3356667452830189 0.708925 0.013198231132075472 0.022370208333333332 0.3356667017532328 0.708830537072415 2 0 0 0
0 0.008216981132075472 0.669701875 0.016433962264150944 0.02387875 0.008216926930352962 0.6696010419367373 2 0 0 0
0 0.0053082547169811325 0.5884235416666667 0.010616627358490567 0.020713958333333334 0.005308219701719394 0.5883360726043814 2 0 0 0