1 0.7114827830188679 0.7111275 0.08222299528301887 0.1744116666666667 0.71169934605861 0.7121388120670106 2 0.7373409198113207 0.7555499999999999 2
1 0.6344774764150942 0.6128095833333334 0.08687948113207547 0.18771416666666668 0.6342486488898941 0.613898028880165 2 0.6166069575471698 0.6822379166666667 2
1 0.7204446933962264 0.53073875 0.09260106132075471 0.19352270833333335 0.7206885907056583 0.5318608759100293 2 0.7194194575471697 0.5989289583333334 2
1 0.7074653301886793 0.23807416666666667 0.11257216981132076 0.208018125 0.7071688319742714 0.23928034308817558 2 0.7316814858490567 0.14739458333333333 2
1 0.36304646226415094 0.09708333333333334 0.092775 0.19416666666666668 0.36329081770198074 0.09820919318413392 2 0.3411830188679245 0.014100416666666667 2
1 0.38592287735849057 0.22723916666666666 0.11777676886792453 0.1630214583333333 0.3862330837063526 0.22818443352378145 2 0.33929658018867925 0.1723872916666667 2
1 0.38167794811320754 0.3799227083333333 0.11683278301886793 0.12848791666666667 0.3819856681438995 0.3806677352175634 2 0.33552358490566037 0.413983125 2
1 0.4336778301886793 0.7248716666666667 0.1095311320754717 0.121923125 0.4339663187657129 0.7255786281327008 2 0.3940040094339623 0.7305572916666667 2
1 0.38744752358490564 0.6409285416666666 0.07159327830188679 0.160643125 0.3872589576257019 0.6418600179486132 2 0.392117570754717 0.6955675 2
1 0.37259882075471695 0.5407333333333334 0.12319858490566037 0.14020000000000002 0.3729233073529884 0.5415462717938427 2 0.3223182783018868 0.563939375 2
1 0.06143867924528302 0.5278185416666666 0.12287735849056604 0.14102958333333332 0.05255365566037736 0.5289495833333333 2 0 0.5272833333333333 2
1 0.07109174528301887 0.719874375 0.1200806603773585 0.19190520833333335 0.07140801973563436 0.7209871219659504 2 0.02614304245283019 0.793871875 2
1 0.03195754716981132 0.6857139583333333 0.06391509433962264 0.16690520833333336 0.018597287735849056 0.6855704166666666 2 0 0.7022320833333333 2