1 0.7186754716981132 0.7011291666666666 0.07963018867924528 0.17774145833333332 0.7188852056740677 0.7021597862637151 2 0.7326247641509435 0.7738779166666667 2
1 0.38969752358490567 0.6423835416666667 0.14796356132075472 0.12023270833333334 0.3900872374173971 0.6430807013871758 2 0.32703443396226417 0.63391875 2
1 0.6182041273584906 0.33180729166666667 0.11565341981132075 0.16221895833333333 0.6178995135936347 0.33274790529186593 2 0.613777358490566 0.2740241666666667 2
1 0.42093360849056605 0.20911979166666667 0.11026344339622642 0.20342708333333331 0.42064319111532805 0.21029934730112398 2 0.45059799528301886 0.12073583333333333 2
1 0.6426116745283019 0.12100395833333333 0.12909139150943397 0.15049229166666667 0.642271667161098 0.12187657582196407 2 0.6090612028301886 0.14073 2
1 0.7255154481132076 0.32993479166666667 0.0989692216981132 0.19513020833333333 0.7257761182021294 0.33106623853657663 2 0.7562056603773585 0.26569333333333334 2
1 0.687891391509434 0.21161791666666666 0.11587724056603774 0.18176416666666664 0.6875861882342734 0.21267186161549528 2 0.7231924528301887 0.14906083333333334 2
1 0.8304600235849057 0.7848652083333333 0.11077959905660378 0.138606875 0.8307518004367525 0.7856689091862472 2 0.7986510613207547 0.765546875 2
1 0.8798662735849058 0.7719504166666666 0.12281462264150943 0.15276583333333335 0.8801897488841509 0.7728362171043873 2 0.8316642688679245 0.7288910416666667 2
1 0.8273857311320755 0.6301008333333333 0.07646969339622642 0.215631875 0.827184321426761 0.6313511574738416 2 0.8307209905660378 0.7122291666666667 2
1 0.9240724056603773 0.34990583333333336 0.14720153301886793 0.16147833333333333 0.9222145047169812 0.355666875 2 1 0.330674375 2
1 0.07735849056603773 0.7254997916666667 0.15471698113207547 0.16650020833333334 0.09028301886792453 0.7322233333333333 2 0 0.783875 2
1 0.11283278301886791 0.5053252083333333 0.10735318396226415 0.18601625000000002 0.11311553520716783 0.5064038086464911 2 0.11292063679245283 0.5689379166666666 2
1 0.11625459905660378 0.3759658333333334 0.15947193396226417 0.14056833333333335 0.1166746242168831 0.3767809075451477 2 0.053496816037735845 0.385658125 2
1 0.07558962264150942 0.263065625 0.15117924528301885 0.14136854166666665 0.07598780610334625 0.2638853391556844 2 0.002562264150943396 0.23236979166666666 2
1 0.0419811320754717 0.3405564583333333 0.0839622641509434 0.16972041666666668 0.04123478773584906 0.34567000000000003 2 0 0.2956845833333333 2