1 0.7157293632075471 0.5651052083333333 0.12089964622641511 0.14562312500000002 0.7160477947460773 0.5659495923493966 2 0.7571488207547169 0.6089260416666666 2
1 0.7265781839622641 0.40158791666666666 0.13693785377358492 0.15182416666666668 0.7203627358490566 0.41065083333333335 2 0.7778998820754717 0.3656639583333333 2
1 0.6408424528301887 0.4115654166666667 0.1420622641509434 0.1347975 0.6404682821295075 0.4107838041693021 2 0.6967819575471698 0.4406420833333333 2
1 0.6770429245283018 0.08702666666666665 0.12248219339622642 0.1740533333333333 0.677917216981132 0.094076875 2 0.6948955188679244 0.05908708333333333 2
1 0.43957240566037736 0.2482835416666667 0.08359091981132075 0.24176625 0.4397925716081984 0.2496854038854836 2 0.4251307783018868 0.14739458333333333 2
1 0.3591464622641509 0.248250625 0.1093307783018868 0.20816791666666665 0.3588585013889126 0.24704358002352036 2 0.3232615566037736 0.28402125 2
1 0.41622841981132075 0.5232395833333333 0.1538637971698113 0.19185395833333332 0.41663367398026263 0.5243520331302672 2 0.35721792452830187 0.5722702083333334 2
1 0.5251807783018868 0.192453125 0.14350625 0.17009375 0.52555875224476 0.19343939997337564 2 0.48172476415094334 0.14239604166666667 2
1 0.2822751179245283 0.13225854166666667 0.09724127358490565 0.23631624999999998 0.28253123685723613 0.13362880249739673 2 0.2751566037735849 0.037426875 2
1 0.25657004716981135 0.33992958333333334 0.10053903301886792 0.14180770833333334 0.2568348519063493 0.34075184396172753 2 0.2723268867924528 0.3706625 2
1 0.11908313679245283 0.5761474999999999 0.1255129716981132 0.17770479166666667 0.11009080188679245 0.5572745833333334 2 0.10914764150943396 0.620589375 2
1 0.05377358490566038 0.677381875 0.10754716981132076 0.16690291666666665 0.054056848023597344 0.6783496481820936 2 0 0.6872364583333332 2
0 0.6993101415094339 0.7360397916666667 0.014972405660377358 0.027727291666666667 0.6993100921281489 0.7359227073236954 2 0 0 0
0 0.7088561320754717 0.6511733333333333 0.019164740566037737 0.022633541666666666 0.7088560688672244 0.6510777584251521 2 0 0 0