1 0.6634840801886792 0.3832622916666667 0.08923313679245284 0.2218085416666667 0.6632490534874144 0.38454843071367334 2 0.6948955188679244 0.300683125 2
1 0.5890805424528301 0.3465672916666667 0.0833498820754717 0.23813479166666665 0.5741615566037735 0.2623610416666667 2 0.5888610113622604 0.2968307374582156 2
1 0.48449728773584905 0.36514062500000005 0.07157146226415094 0.228885625 0.48468579623488084 0.3664677999473626 2 0.49681639150943396 0.26569333333333334 2
1 0.45489280660377357 0.26056770833333337 0.1121442216981132 0.16303125 0.4545974355405224 0.26151303196664233 2 0.49304351415094344 0.19404770833333332 2
1 0.3748294811320754 0.16972437499999998 0.10060247641509434 0.15528208333333332 0.3745645092951455 0.16882398428837592 2 0.40249316037735855 0.20071229166666665 2
1 0.7206713443396225 0.12058791666666666 0.12011639150943396 0.15965749999999998 0.7203549757765633 0.12151367788106594 2 0.6760307783018867 0.06908416666666667 2
1 0.6578337264150943 0.22515583333333333 0.12584198113207548 0.15885479166666666 0.6467905660377358 0.22737125 2 0.6043450471698113 0.16572250000000002 2
1 0.6079534198113207 0.10229166666666667 0.06758372641509434 0.20458333333333334 0.6062314858490566 0.07908125 2 0.6090612028301886 0.16239020833333334 2
1 0.4664471698113207 0.11850458333333333 0.13996992924528304 0.15549083333333333 0.46607851000702283 0.11940618446509739 2 0.5279431603773586 0.057421041666666665 2
1 0.17095566037735851 0.569695 0.10087358490566038 0.24477645833333334 0.17045778301886794 0.590598125 2 0.12989870283018867 0.6605777083333333 2
1 0.2655316037735849 0.07625 0.10148384433962264 0.1525 0.2619514150943396 0.052422500000000004 2 0.26761073113207545 0 2
1 0.10575860849056604 0.059583333333333335 0.12150165094339622 0.11916666666666667 0.09028301886792453 0.04736291666666667 2 0.1148070754716981 0.0257025 2
1 0.22992110849056602 0.2580414583333333 0.09251615566037735 0.21808354166666666 0.23459764150943394 0.26896458333333334 2 0.1968682783018868 0.3422764583333333 2
1 0.13062606132075472 0.2772027083333333 0.16644091981132075 0.17976145833333332 0.15442275943396228 0.2872927083333333 2 0.05726981132075472 0.26396604166666665 2
1 0.07205188679245284 0.38052395833333336 0.14410377358490567 0.22311874999999998 0.06764540094339623 0.38559708333333337 2 0.06387240566037736 0.335611875 2
0 0.7140983490566037 0.7451627083333333 0.014854716981132075 0.021505833333333335 0.7140983000634739 0.7450718954116763 2 0 0 0
0 0.7023600235849057 0.7244270833333334 0.019744221698113205 0.02806229166666667 0.7023600887043704 0.7245455822845314 2 0 0 0
0 0.7208459905660377 0.7170475 0.015264858490566037 0.024268958333333333 0.7208459402201983 0.7169450191996672 2 0 0 0
0 0.5593935141509434 0.6271377083333333 0.017527948113207546 0.024899791666666667 0.5593934563410882 0.6270325637060663 2 0 0 0
0 0.3317695754716981 0.6781716666666667 0.017902240566037737 0.023746458333333335 0.331769516427369 0.6780713922328965 2 0 0 0
0 0.018162264150943398 0.6558683333333334 0.020126768867924527 0.030857916666666665 0.018162197769779582 0.6557380292653481 2 0 0 0