1 0.7311755896226414 0.7584122916666666 0.10651674528301887 0.17567520833333333 0.7335679245283019 0.7522175 2 0.6901792452830189 0.7088968750000001 2
1 0.7421318396226415 0.412210625 0.12058443396226415 0.14307875 0.7418142383059474 0.413040255661602 2 0.7854457547169811 0.41731562499999997 2
1 0.6325983490566037 0.3876352083333333 0.08669009433962264 0.20056291666666667 0.6328266777653924 0.3887981563269872 2 0.6062314858490566 0.299016875 2
1 0.660535966981132 0.16350604166666666 0.09890224056603773 0.26548791666666666 0.6618823113207547 0.19404770833333332 2 0.6854630896226415 0.065751875 2
1 0.7613512971698113 0.11701791666666667 0.13307995283018867 0.23403583333333333 0.7599785377358491 0.12740041666666665 2 0.8127996462264151 0.20571083333333334 2
1 0.5412071933962264 0.4211685416666667 0.08665978773584905 0.15432958333333333 0.5409789445104874 0.4220634093834003 2 0.5524672169811321 0.430645 2
1 0.42058974056603776 0.34034791666666664 0.11919775943396227 0.16597104166666668 0.4307900943396226 0.35066854166666667 2 0.3770258254716981 0.38399208333333334 2
1 0.41339587264150945 0.20599125 0.09349127358490567 0.147184375 0.41364211463655237 0.20684468679902668 2 0.37513938679245284 0.17738583333333333 2
1 0.38427040094339626 0.62156375 0.07862900943396227 0.2618725 0.3844774979633517 0.6230821966975731 2 0.3883445754716981 0.7238924999999999 2
1 0.27555353773584906 0.34263979166666664 0.08379846698113207 0.17388708333333333 0.27577425033179237 0.3436480619792734 2 0.29307806603773584 0.387324375 2
1 0.2911186320754717 0.688218125 0.09040424528301887 0.22856375 0.2913567433008859 0.689543433580979 2 0.3091130896226415 0.7755439583333333 2
1 0.2530258254716981 0.6836368749999999 0.057466863207547174 0.24605979166666667 0.24591639150943398 0.7055645833333333 2 0.2393137971698113 0.7722116666666667 2
1 0.1641259433962264 0.092049375 0.11561603773584905 0.14590125 0.16443045870230122 0.09289537170157916 2 0.11386379716981132 0.11073875000000001 2
1 0.060849056603773585 0.47761604166666666 0.12169811320754717 0.12060104166666667 0.061042806603773585 0.4772979166666667 2 0 0.4822964583333333 2
0 0.5586606132075471 0.6269185416666667 0.015106721698113206 0.022401458333333336 0.5586605633832671 0.6268239467793589 2 0 0 0