1 0.561496462264151 0.650721875 0.09917676886792452 0.20355625 0.5571833726415094 0.6589114583333333 2 0.5496375 0.5689379166666666 2
1 0.4931060141509434 0.7019647916666667 0.09444834905660378 0.20940375 0.49335477693925955 0.703179002523656 2 0.5232270047169811 0.783875 2
1 0.5930969339622642 0.449918125 0.08314575471698113 0.20516395833333334 0.5933159274119818 0.4511077517649038 2 0.613777358490566 0.5256172916666667 2
1 0.7294063679245283 0.3049458333333333 0.09354587264150943 0.2951083333333333 0.7345112028301887 0.32567583333333333 2 0.7024411556603775 0.16738875 2
1 0.5780058962264151 0.283686875 0.13219563679245283 0.12929312499999998 0.5783540797101943 0.28443657082019935 2 0.5269998820754717 0.3090139583333333 2
1 0.4690518867924528 0.39075895833333335 0.10482063679245283 0.19014875 0.46932796863127807 0.3918615206164488 2 0.5053055424528302 0.3106802083333333 2
1 0.4099680424528302 0.25890145833333333 0.10012464622641509 0.16636375 0.40343632075471697 0.24569916666666666 2 0.4241875 0.24569916666666666 2
1 0.3881540094339623 0.1516025 0.09659103773584905 0.148205 0.3878996031249741 0.15074314518873186 2 0.3449558962264151 0.11407104166666666 2
1 0.580353891509434 0.13975270833333334 0.10834917452830188 0.17132791666666666 0.5800685160313379 0.14074613952318557 2 0.5364321933962264 0.19404770833333332 2
1 0.6638360849056604 0.061201041666666664 0.13380424528301887 0.122401875 0.6062314858490566 0.062419583333333334 2 0.6816900943396227 0.05908708333333333 2
1 0.25397724056603777 0.07 0.12930955188679244 0.14 0.2628945754716981 0.08407979166666667 2 0.1978115566037736 0.02243125 2
1 0.3110461084905661 0.28660687500000004 0.09064363207547169 0.18178604166666668 0.3112848502248941 0.2876609467892625 2 0.2977942216981132 0.327341875 2
1 0.2921801886792453 0.5861470833333333 0.10007346698113208 0.19103916666666668 0.2949645047169811 0.57726875 2 0.2770430424528302 0.502290625 2
1 0.22390766509433963 0.7034199999999999 0.09746757075471699 0.16899354166666666 0.22416438005985814 0.7043998955035559 2 0.22516521226415095 0.7588822916666668 2
1 0.2655316037735849 0.402839375 0.10148384433962264 0.17432125 0.2647811320754717 0.388990625 2 0.26579889700146164 0.43924790749384124 2
1 0.17461992924528302 0.434085625 0.10642051886792453 0.18682875000000002 0.17490022493358318 0.43516893652927174 2 0.15536603773584906 0.44897291666666667 2