1 0.7486270047169811 0.7640366666666666 0.10934964622641509 0.17692666666666668 0.7489150152875033 0.7650625617595559 2 0.7203627358490566 0.7122291666666667 2
1 0.6220957547169811 0.7071731250000001 0.10221049528301886 0.21982041666666668 0.6218265475994852 0.7084477360635774 2 0.5807641509433962 0.7922058333333334 2
1 0.7424853773584906 0.20409083333333333 0.1236501179245283 0.20318166666666665 0.7421597014899576 0.20291270072774323 2 0.7901619103773585 0.272358125 2
1 0.49463077830188684 0.16641520833333334 0.11001356132075471 0.16800291666666667 0.4949299528301887 0.14906083333333334 2 0.456257429245283 0.21237562499999998 2
1 0.4103318396226415 0.6615483333333334 0.13263820754716982 0.13190333333333334 0.41068118877142246 0.6623131642372996 2 0.36382063679245286 0.6672425000000001 2
1 0.4449982311320755 0.5399014583333333 0.12462606132075472 0.15853041666666667 0.4453264774891656 0.5408206842453798 2 0.39683372641509435 0.5272833333333333 2
1 0.37093974056603773 0.5821902083333333 0.0763119103773585 0.20311958333333333 0.37073874643753446 0.5833679809536922 2 0.33929658018867925 0.51562 2
1 0.3862768867924528 0.4265829166666667 0.12414433962264151 0.1351672916666667 0.3866038643668272 0.42736667337136514 2 0.33835330188679247 0.4623025 2
1 0.3918182783018868 0.3059764583333333 0.11070294811320754 0.14721354166666664 0.392109853266643 0.30683006425293846 2 0.34967205188679246 0.30734770833333336 2
1 0.393342570754717 0.204095625 0.0881002358490566 0.13652479166666665 0.39311052794465173 0.203303996940379 2 0.3591043632075472 0.23736833333333335 2
1 0.2516179245283019 0.19828104166666666 0.10572629716981133 0.10843770833333334 0.2628945754716981 0.20571083333333334 2 0.28553219339622643 0.17405354166666667 2
1 0.26930459905660376 0.6628047916666666 0.09393797169811322 0.22105729166666668 0.26955201758749175 0.6640865746507743 2 0.2647811320754717 0.7472189583333333 2
1 0.08500495283018868 0.4701195833333333 0.10640507075471697 0.15226104166666668 0.08528520783047518 0.4710024567770427 2 0.09028301886792453 0.5172862500000001 2
1 0.17898207547169812 0.7073791666666666 0.09062075471698114 0.19024145833333334 0.18083337264150942 0.7005660416666667 2 0.16668478773584908 0.6689085416666667 2
1 0.09277747641509433 0.6944645833333334 0.12140412735849056 0.19107104166666666 0.10443148584905661 0.6988997916666667 2 0.0940558962264151 0.648914375 2
1 0.04231179245283019 0.6494716666666667 0.08462358490566038 0.19772354166666667 0.035575471698113204 0.6272541666666667 2 0.008221698113207547 0.6539129166666666 2
1 0.1153 0.22328354166666667 0.11031568396226415 0.20509562499999998 0.12046639150943397 0.21737416666666667 2 0.0704751179245283 0.2906860416666667 2
0 0.5586614386792452 0.6260589583333334 0.014581485849056604 0.024229375 0.5586613905872735 0.6259566446819828 2 0 0 0
0 0.3277082547169811 0.66649 0.013900943396226415 0.031985 0.3277082088695425 0.6663549365846849 2 0 0 0