1 0.7160814858490566 0.7002972916666667 0.08010129716981132 0.196071875 0.7162924606541299 0.7014341987152523 2 0.7326247641509435 0.7722116666666667 2
1 0.5965166273584905 0.6888389583333333 0.08809882075471699 0.17315520833333334 0.5967486664414096 0.6898429849274252 2 0.5647292452830188 0.7538835416666667 2
1 0.5552377358490567 0.5569816666666667 0.11707924528301886 0.14937020833333334 0.5549293666737194 0.5578477778450438 2 0.5071919811320754 0.6022614583333333 2
1 0.7279910377358491 0.5161566666666667 0.08694245283018867 0.18102020833333335 0.7282200311190592 0.5172062978327407 2 0.7609218160377359 0.43897583333333334 2
1 0.6554662735849057 0.4755389583333333 0.08640424528301886 0.199755625 0.659995754716981 0.4839627083333333 2 0.6675416273584905 0.5439452083333334 2
1 0.6453249999999999 0.31930833333333336 0.09536780660377359 0.16054791666666668 0.6450738154983827 0.32023925755739174 2 0.6250961084905661 0.36899645833333333 2
1 0.5524166273584905 0.36284625 0.08667617924528302 0.18764104166666667 0.5526449194170073 0.36393427153738145 2 0.5336025943396226 0.2940183333333334 2
1 0.38651214622641505 0.28411000000000003 0.10952287735849056 0.22011312500000002 0.386800613061762 0.28538630830938244 2 0.34306945754716983 0.36733020833333335 2
1 0.3729516509433962 0.09291666666666668 0.10126662735849057 0.18583333333333335 0.3826852594339623 0.08574604166666666 2 0.33646686320754715 0.01909875 2
1 0.6084274764150943 0.13329416666666666 0.12323938679245283 0.15507854166666668 0.6087520704794172 0.134193377158254 2 0.5534103773584905 0.0807475 2
1 0.26765459905660377 0.08041666666666666 0.11138891509433962 0.16083333333333333 0.2657242924528302 0.062419583333333334 2 0.3015672169811321 0.09907541666666667 2
1 0.2821579009433962 0.23973687500000002 0.10832570754716982 0.15469312500000001 0.282443214612983 0.24063385068394355 2 0.28741875 0.19404770833333332 2
1 0.3044426886792453 0.3582622916666667 0.08498254716981132 0.17180854166666668 0.3046665199648456 0.35925850972205087 2 0.27327016509433966 0.2856875 2
1 0.19631674528301885 0.3945095833333333 0.11963066037735849 0.20764729166666665 0.20535742924528302 0.387324375 2 0.14593372641509433 0.3356727083333333 2
1 0.2523247641509434 0.7021697916666666 0.0901617924528302 0.163160625 0.25256223679196016 0.7031158654705415 2 0.216676179245283 0.6472483333333333 2
1 0.1718984669811321 0.6619422916666667 0.11219316037735848 0.17721791666666667 0.17160296702073846 0.6609147077840014 2 0.17894693396226416 0.7138954166666667 2
1 0.06379716981132076 0.689880625 0.12759433962264152 0.1752385416666667 0.07990742924528302 0.6739070833333333 2 0.055383254716981134 0.7422204166666667 2
1 0.1333495283018868 0.3857639583333333 0.0993385613207547 0.25013854166666666 0.13178525943396227 0.358999375 2 0.1289555424528302 0.472299375 2
0 0.3196692216981132 0.6962906249999999 0.017168396226415094 0.023559791666666666 0.3196692783221113 0.6961911388056398 2 0 0 0
0 0.6032840801886793 0.3996066666666667 0.014246580188679244 0.027950625 0.6032840332012775 0.3994886392515442 2 0 0 0
0 0.012546580188679246 0.6059393750000001 0.01977759433962264 0.027612499999999998 0.01254651495914646 0.6058227753890766 2 0 0 0