1 0.4034906839622642 0.655510625 0.0849996462264151 0.1731454166666667 0.4037145602842155 0.6565145948178978 2 0.3732529481132076 0.5839335416666667 2
1 0.5023031839622641 0.38742666666666664 0.09020495283018867 0.19681354166666667 0.5025407702812428 0.38856787420996125 2 0.4883273584905661 0.4623025 2
1 0.3850968160377358 0.46991333333333335 0.10291945754716982 0.18183979166666667 0.3853678904555224 0.4709677167876618 2 0.342126179245283 0.40065375 2
1 0.4145754716981132 0.322849375 0.10528290094339622 0.15096791666666667 0.4148527710713928 0.32372475036206355 2 0.4449385613207547 0.3223433333333333 2
1 0.3756645047169811 0.16329249999999998 0.12178419811320754 0.19508145833333332 0.3789122641509434 0.1723872916666667 2 0.33175058962264153 0.095743125 2
1 0.3997096698113208 0.101631875 0.09611745283018867 0.15173645833333332 0.3994565108539572 0.1025117066893056 2 0.44116568396226413 0.06741812500000001 2
1 0.6370792452830188 0.28931833333333334 0.09187912735849056 0.23052979166666668 0.6373212411266524 0.2906550418493038 2 0.6467905660377358 0.37399499999999997 2
1 0.7156106132075472 0.247240625 0.09425141509433962 0.21635395833333335 0.7158588573013381 0.24849513608282894 2 0.7043278301886792 0.16239020833333334 2
1 0.7415430424528301 0.10541666666666667 0.10289728773584905 0.21083333333333334 0.7505461084905661 0.125734375 2 0.7637514150943396 0.010767916666666665 2
1 0.3070354952830189 0.116875 0.056211910377358495 0.23375 0.3071835490256382 0.11823038063583503 2 0.31194280660377355 0.19404770833333332 2
1 0.2821579009433962 0.07520833333333334 0.10832570754716982 0.15041666666666667 0.282443214612983 0.07608051231646426 2 0.23459764150943394 0.07075041666666666 2
1 0.08148584905660376 0.4874191666666666 0.16297169811320752 0.296828125 0.09122617924528302 0.5006245833333334 2 0.013881014150943397 0.5589408333333333 2
1 0.0794632075471698 0.6911260416666667 0.11041320754716981 0.11441458333333333 0.0827370283018868 0.7038983333333333 2 0.029916037735849058 0.6622439583333333 2
1 0.1624746462264151 0.5209502083333333 0.10476757075471699 0.21726625000000002 0.1627505882972546 0.5222100092662552 2 0.17800365566037737 0.6139247916666667 2
0 0.7370162735849056 0.7409195833333333 0.015789740566037734 0.025330208333333333 0.7370162215079249 0.7408126211808198 2 0 0 0
0 0.6611606132075473 0.7594564583333334 0.015685141509433963 0.020766666666666666 0.6611605614755501 0.7593687666989826 2 0 0 0
0 0.5600962264150943 0.6263689583333334 0.014472169811320754 0.025234791666666666 0.5600961786836636 0.6262623990978397 2 0 0 0