1 0.6979231132075472 0.7540372916666667 0.09283290094339623 0.16359229166666667 0.6981676211477793 0.7549858684551025 2 0.7250788915094339 0.8038689583333334 2
1 0.6090162735849056 0.7257083333333333 0.10555224056603774 0.17024979166666665 0.6092942823583621 0.7266955131018037 2 0.6430176886792452 0.7805427083333334 2
1 0.697324174528302 0.62090875 0.12530872641509433 0.1493175 0.696994130133723 0.6200429444466683 2 0.7401705188679245 0.650580625 2
1 0.7345932783018868 0.7036285416666667 0.06430400943396226 0.17274291666666666 0.7347626454199623 0.7046301776205818 2 0.7382840801886792 0.7605483333333333 2
1 0.4874465801886792 0.636554375 0.10576709905660378 0.165224375 0.4877251548671806 0.6375124152928041 2 0.44399540094339623 0.590598125 2
1 0.3977060141509434 0.634891875 0.07560058962264152 0.218549375 0.39750689353464125 0.6361591160303693 2 0.39306084905660377 0.7222264583333333 2
1 0.4712834905660377 0.3270208333333333 0.10011403301886793 0.22595833333333332 0.4710198052157685 0.3283310346146405 2 0.5109649764150943 0.23903437500000002 2
1 0.39605341981132075 0.18745333333333333 0.11474846698113209 0.16342645833333333 0.39575118955651645 0.18840094855048026 2 0.35061533018867924 0.22403875 2
1 0.382385141509434 0.09350833333333333 0.11070129716981132 0.15548354166666664 0.3826767121258528 0.0944098921849528 2 0.33835330188679247 0.040759166666666666 2
1 0.6386125 0.09083333333333334 0.10060507075471699 0.18166666666666667 0.6316988207547171 0.0807475 2 0.6477338443396226 0 2
1 0.27355 0.6105164583333333 0.10431509433962263 0.16313375 0.2738247503158137 0.6114623763046753 2 0.3157156839622641 0.54894375 2
1 0.2238995283018868 0.47408 0.09119540094339622 0.18684083333333332 0.2236593332911017 0.4751633815935114 2 0.18837924528301886 0.5472775 2
1 0.30691875 0.36909625 0.08238891509433961 0.20014104166666666 0.3071357500476443 0.37025675178528705 2 0.32892087264150943 0.27902270833333337 2
1 0.27377783018867924 0.27932 0.08953514150943395 0.22053041666666667 0.2735420080522773 0.2805987279416583 2 0.255348820754717 0.355666875 2
1 0.12934068396226414 0.3974260416666667 0.10263938679245284 0.21014791666666666 0.12961102071568104 0.3986445675144145 2 0.09782877358490566 0.4623025 2
1 0.14325518867924528 0.06791666666666667 0.11726320754716982 0.13583333333333333 0.14404728773584907 0.069023125 2 0.12329610849056603 0.03903208333333333 2