1 0.7116016509433963 0.6430191666666667 0.10321179245283019 0.264795 0.7118734953274869 0.6445545592462002 2 0.7448866745283019 0.7372218749999999 2
1 0.5724531839622641 0.700295 0.11849127358490566 0.16274354166666666 0.5721410957161218 0.701238655379603 2 0.5298295990566038 0.7588822916666668 2
1 0.38839044811320755 0.4007560416666667 0.08291297169811321 0.17015458333333333 0.3881720677790544 0.40174266937724884 2 0.3553314858490566 0.4623025 2
1 0.4439260613207547 0.2824389583333333 0.13030495283018867 0.15678854166666667 0.4435828576150127 0.28334808412283413 2 0.4987028301886792 0.22403875 2
1 0.3846260613207547 0.07416666666666667 0.12272900943396227 0.14833333333333334 0.3849493111276494 0.07502676560847998 2 0.33269386792452826 0.010767916666666665 2
1 0.594864858490566 0.09395833333333334 0.06781733490566037 0.18791666666666668 0.593026179245283 0.08574604166666666 2 0.6100043632075471 0 2
1 0.6568814858490566 0.08770833333333333 0.08923313679245284 0.17541666666666667 0.6566464591477917 0.0887254728122755 2 0.6732010613207547 0 2
1 0.8309222877358491 0.7771379166666667 0.0976936320754717 0.12010916666666667 0.830664977358711 0.7764414732926077 2 0.8118563679245283 0.7805427083333334 2
1 0.8963732311320755 0.7965308333333333 0.09923466981132074 0.16193854166666669 0.896634600371522 0.7974698209849712 2 0.896634600371522 0.8303531278400335 2
1 0.843538679245283 0.6644416666666667 0.10641709905660376 0.18221666666666667 0.8432583925642531 0.6633850979328638 2 0.8363804245283019 0.69390125 2
1 0.9315129716981132 0.6350993749999999 0.1280117924528302 0.20563479166666668 0.9318501355632944 0.6362917318542415 2 0.9439089622641509 0.6022614583333333 2
1 0.932446462264151 0.34323374999999995 0.10027028301886792 0.248134375 0.9373063679245283 0.38065958333333333 2 0.9307037735849056 0.25403 2
1 0.29878242924528303 0.2799422916666667 0.07743502358490566 0.19511562500000001 0.29898638148555734 0.2810736539762874 2 0.3034536556603774 0.19238145833333334 2
1 0.30125978773584905 0.6998779166666667 0.10314080188679245 0.15524437500000002 0.30153144514143426 0.7007780887295428 2 0.2657242924528302 0.6755733333333332 2
1 0.1940753537735849 0.6559264583333333 0.098169929245283 0.16398041666666666 0.19433391864604466 0.6568772856334666 2 0.18554952830188678 0.6988997916666667 2
1 0.04610849056603774 0.7171664583333333 0.09221698113207548 0.14650125 0.038405188679245285 0.7188939583333334 2 0 0.7255587499999999 2
1 0.21400542452830187 0.08666666666666667 0.15500801886792454 0.17333333333333334 0.21441369240561367 0.08767172610429122 2 0.15442275943396228 0.014100416666666667 2