1 0.7149029481132075 0.7346675 0.09660908018867924 0.198165 0.7184762971698114 0.7338895833333333 2 0.7043278301886792 0.6722410416666666 2
1 0.5144504716981132 0.715290625 0.13902358490566039 0.13275229166666666 0.5147378537735849 0.7088968750000001 2 0.46286002358490563 0.7122291666666667 2
1 0.41008478773584905 0.6057264583333333 0.12630165094339624 0.17688041666666668 0.4213577830188679 0.5989289583333334 2 0.36004764150943397 0.648914375 2
1 0.5273024764150943 0.5632316666666667 0.12511202830188678 0.16187020833333332 0.5269998820754717 0.5689379166666666 2 0.47606533018867925 0.51562 2
1 0.46314634433962265 0.4142720833333333 0.12393419811320754 0.15271083333333332 0.46281992024647217 0.41338660180870346 2 0.4156983490566038 0.4206479166666667 2
1 0.3671660377358491 0.38805604166666663 0.07819999999999999 0.25805479166666667 0.36004764150943397 0.41898166666666664 2 0.35721792452830187 0.28735375 2
1 0.4081998820754717 0.11791666666666667 0.08479610849056604 0.23583333333333334 0.4043795990566038 0.12073583333333333 2 0.4072093160377358 0 2
1 0.6317639150943397 0.24765541666666666 0.14135507075471698 0.19052458333333336 0.6335853773584905 0.24903145833333334 2 0.5760479952830189 0.32567583333333333 2
1 0.6210426886792453 0.10125 0.08621650943396227 0.2025 0.610947641509434 0.052422500000000004 2 0.6449041273584906 0.18571666666666667 2
1 0.2728435141509434 0.25202708333333335 0.12931285377358492 0.159279375 0.28081603773584907 0.24903145833333334 2 0.2204490566037736 0.2890197916666667 2
1 0.15398514150943396 0.5024087500000001 0.11231273584905661 0.18351583333333332 0.15536603773584906 0.5106216666666666 2 0.15630931603773585 0.4273127083333333 2
1 0.08984127358490566 0.2416164583333333 0.12739622641509435 0.20843770833333333 0.10348820754716981 0.26569333333333334 2 0.0365186320754717 0.16072416666666667 2
1 0.2187212264150943 0.118919375 0.13614257075471697 0.12966125 0.23648408018867925 0.12073583333333333 2 0.16479834905660376 0.122401875 2
1 0.23888349056603775 0.06375 0.11232735849056605 0.1275 0.24402995283018866 0.05408875 2 0.19498183962264154 0 2
1 0.15032983490566038 0.07312500000000001 0.11254787735849058 0.14625000000000002 0.15062626913739036 0.07397301890049572 2 0.16762806603773583 0.11573729166666666 2
1 0.03844339622641509 0.31910583333333337 0.07688679245283019 0.23345479166666666 0.017654009433962264 0.330674375 2 0.06575896226415094 0.3540008333333333 2
1 0.731764858490566 0.20183062499999999 0.0982628537735849 0.22217208333333333 0.7241356132075472 0.184050625 2 0.7609218160377359 0.269025625 2
0 0.32310625 0.59420375 0.01646002358490566 0.029619791666666666 0.32310619571232324 0.5940786741762257 2 0 0 0