1 0.5954549528301887 0.46574916666666666 0.07842959905660378 0.206835 0.5977423349056603 0.4789641666666667 2 0.5967991745283019 0.37566104166666664 2
1 0.4876728773584906 0.46491125 0.11638337264150944 0.141844375 0.4873663410073408 0.46573372323712137 2 0.5326593160377359 0.41231708333333333 2
1 0.5382665094339623 0.28911354166666664 0.07724056603773585 0.276773125 0.5384699495022174 0.29071838844375564 2 0.5185108490566038 0.1723872916666667 2
1 0.6601938679245283 0.31264375 0.16829162735849057 0.16721250000000001 0.660637122834647 0.3136133182762334 2 0.7203627358490566 0.30234916666666667 2
1 0.6046541273584906 0.20807458333333334 0.12135212264150944 0.15135104166666666 0.6049737506520464 0.2089521802149952 2 0.5600129716981133 0.20237854166666666 2
1 0.7448442216981132 0.07104166666666667 0.11138632075471698 0.14208333333333334 0.7445508468322951 0.07186552548452717 2 0.7882754716981132 0.10240770833333333 2
1 0.5978150943396227 0.066875 0.12087924528301887 0.13375 0.598133472145127 0.0676505386525901 2 0.5468077830188679 0.025763541666666667 2
1 0.426603537735849 0.18349666666666667 0.12367959905660378 0.175506875 0.4269292912532631 0.18451432921139788 2 0.4704058962264151 0.11407104166666666 2
1 0.4468826650943396 0.06375 0.0736873820754717 0.1275 0.4449385613207547 0.065751875 2 0.4185280660377359 0 2
1 0.3902760613207547 0.07104166666666667 0.10555224056603774 0.14208333333333334 0.38999805254729814 0.07186552548452717 2 0.42230106132075473 0 2
1 0.26293714622641506 0.5961489583333334 0.09252181603773585 0.2377020833333333 0.26318083481565474 0.5975272548075478 2 0.23459764150943394 0.6855704166666666 2
1 0.2332240566037736 0.11270833333333334 0.12364610849056604 0.22541666666666668 0.23365436320754718 0.050756249999999996 2 0.18554952830188678 0.19404770833333332 2
1 0.21860106132075474 0.35847083333333335 0.08685436320754718 0.17555812499999998 0.21882983490566038 0.35948895833333333 2 0.1968682783018868 0.4206479166666667 2
1 0.09160966981132075 0.5717722916666667 0.14036544811320756 0.16562208333333334 0.09197937135300635 0.5727326380393583 2 0.02708632075471698 0.5139539583333333 2
1 0.053183962264150945 0.28824020833333336 0.10636792452830189 0.14518645833333332 0.038405188679245285 0.28562645833333333 2 0 0.2556352083333333 2
1 0.13758561320754717 0.08366395833333334 0.10724669811320754 0.16732770833333335 0.16857122641509434 0.13233791666666667 2 0.13555813679245282 0.059026249999999995 2
1 0.17095648584905662 0.10699041666666667 0.08200731132075471 0.21398083333333334 0.17074049088852816 0.10574966595890263 2 0.14310400943396226 0.19731895833333332 2
0 0.32127665094339625 0.7009814583333333 0.0184438679245283 0.026004375000000003 0.3212765901126973 0.7008716493697367 2 0 0 0