1 0.8651154481132075 0.6527991666666666 0.14249516509433963 0.124401875 0.8647401372163575 0.6535205009658606 2 0.8260048349056603 0.63391875 2
1 0.6331879716981132 0.6998827083333333 0.08786933962264151 0.22190125000000002 0.6334194063621424 0.7011693849421785 2 0.6571661556603773 0.7805427083333334 2
1 0.605586320754717 0.3413895833333333 0.13522936320754717 0.168054375 0.6052301468904859 0.3423640331542632 2 0.65245 0.31567875 2
1 0.384152358490566 0.118509375 0.0765064858490566 0.22214770833333333 0.38435386510168396 0.11979748067773317 2 0.38362841981132073 0.020765 2
1 0.7197281839622642 0.4224175 0.11822995283018868 0.14349812499999998 0.7194167839958032 0.4232495623739193 2 0.7675244103773584 0.387324375 2
1 0.6408428066037736 0.19700895833333334 0.13262912735849056 0.19735125 0.6404934813708479 0.19586463293137465 2 0.7014981132075472 0.15739166666666668 2
1 0.7235100235849057 0.23974041666666668 0.08363985849056603 0.21468291666666667 0.7237303184298692 0.24098523834835472 2 0.7514895047169812 0.14572854166666668 2
1 0.7180772405660377 0.08848645833333334 0.11964516509433963 0.15113979166666666 0.7177621131426924 0.08761008636786108 2 0.7533759433962264 0.13406520833333332 2
1 0.847321108490566 0.19078708333333333 0.10299941037735849 0.17342604166666667 0.8475923934921178 0.19179268033279648 2 0.8165725235849056 0.18571666666666667 2
1 0.2884073113207547 0.4088783333333333 0.10761933962264152 0.14974333333333334 0.2886907645231524 0.4097466080471104 2 0.2591216981132075 0.4656347916666667 2
1 0.28793525943396225 0.07208333333333333 0.09912948113207548 0.14416666666666667 0.2881963516222012 0.07291927219251144 2 0.31382924528301887 0.10240770833333333 2
1 0.2143561320754717 0.10829895833333333 0.08591025943396227 0.17173541666666667 0.21458240681605978 0.10929475237926728 2 0.22610860849056605 0.150726875 2
1 0.2637640330188679 0.23473708333333335 0.12624551886792454 0.14802604166666666 0.2640965447842899 0.23559540046905228 2 0.2195058962264151 0.19904624999999998 2
1 0.19891084905660378 0.2699389583333333 0.11915943396226415 0.13178854166666668 0.19922469713698537 0.27070312362702287 2 0.15347959905660377 0.225705 2
1 0.12191356132075472 0.37888333333333335 0.13871992924528304 0.15973312499999998 0.12046639150943397 0.36899645833333333 2 0.14404728773584907 0.37399499999999997 2
0 0.7287517688679245 0.6670895833333332 0.013945165094339622 0.030620833333333333 0.728751722874636 0.6669602803997772 2 0 0 0
0 0.651444929245283 0.39559791666666666 0.016334080188679247 0.023885625 0.6514448753729869 0.395497054572265 2 0 0 0
0 0.3371860849056604 0.7097049999999999 0.013655188679245282 0.026486458333333334 0.3371860398687584 0.7095931553377489 2 0 0 0
0 0.008201297169811321 0.671661875 0.016402594339622642 0.02456520833333333 0.008201243071545026 0.6715581432214967 2 0 0 0
0 0.004604245283018868 0.590805 0.009208490566037736 0.026985833333333334 0.004604214912007764 0.5906910466213813 2 0 0 0