1 0.6430939858490566 0.43512375 0.11522712264150943 0.13891937499999998 0.6433974768110932 0.43592926285911143 2 0.6043450471698113 0.43231125 2
1 0.7507490566037737 0.7765354166666667 0.10038856132075472 0.1852625 0.7510134650204229 0.7776096464208758 2 0.7213058962264152 0.7138954166666667 2
1 0.6676102594339623 0.752786875 0.11305070754716981 0.15775958333333331 0.6673125008229177 0.7537016312967589 2 0.7033845518867925 0.735555625 2
1 0.6383778301886792 0.60614125 0.12465955188679245 0.15105083333333333 0.638706164754898 0.607017106147708 2 0.6826333726415095 0.6172570833333333 2
1 0.46704705188679246 0.5761462500000001 0.0970379716981132 0.161040625 0.4673026353528168 0.5770800311538301 2 0.49775966981132075 0.6389175 2
1 0.44016249999999996 0.7073791666666666 0.09420330188679245 0.19024145833333334 0.4404106173708171 0.7084822665116206 2 0.4185280660377359 0.7738779166666667 2
1 0.40560507075471697 0.6319706249999999 0.10319127358490567 0.14939208333333334 0.4053332804142475 0.6328368630188109 2 0.4524845518867925 0.6039277083333333 2
1 0.37177275943396226 0.3157760416666667 0.10834127358490567 0.2734479166666667 0.37796910377358495 0.3356727083333333 2 0.3345804245283019 0.20237854166666666 2
1 0.447236320754717 0.196415 0.07062169811320755 0.22467020833333334 0.44742232771739804 0.19771773219176053 2 0.4251307783018868 0.09907541666666667 2
1 0.433432429245283 0.05333333333333334 0.13054091981132077 0.10666666666666667 0.45154127358490564 0.02909583333333333 2 0.38174198113207547 0.030762083333333336 2
1 0.29193691037735847 0.21849354166666668 0.0739681603773585 0.20551270833333335 0.2940213443396226 0.19571395833333333 2 0.30534009433962267 0.13073291666666667 2
1 0.3174130896226415 0.6977958333333334 0.08262653301886792 0.16774187499999998 0.3176307155202668 0.6987684711480656 2 0.30439681603773583 0.7055645833333333 2
1 0.20539587264150944 0.7086270833333334 0.11326485849056603 0.1627458333333333 0.20569419529402566 0.7095707520009819 2 0.2204490566037736 0.735555625 2
1 0.21506415094339623 0.5007402083333333 0.09864516509433963 0.15351979166666666 0.21290330188679246 0.503956875 2 0.18271981132075474 0.5106216666666666 2
1 0.12933125 0.5332125 0.11432287735849057 0.16142479166666668 0.13650141509433963 0.5389466666666666 2 0.0827370283018868 0.4789641666666667 2
1 0.045518867924528306 0.5821877083333333 0.09103773584905661 0.16979124999999998 0.04029162735849056 0.5822672916666666 2 0 0.5389466666666666 2
1 0.03195754716981132 0.707378125 0.06391509433962264 0.17357729166666666 0.03212588994384842 0.7083845990104628 2 0.03212588994384842 0.7436312752260269 2
0 0.5595556603773585 0.6269866666666667 0.015262971698113206 0.026425208333333335 0.559555610037742 0.6268750806454719 2 0 0 0