1 0.5633748820754717 0.631563125 0.09325919811320754 0.275206875 0.5631292513324201 0.6331588900020264 2 0.581707429245283 0.505623125 2
1 0.4695146226415094 0.6150770833333333 0.10365176886792453 0.13765416666666666 0.4692416194255185 0.6142789066833141 2 0.42701721698113204 0.57726875 2
1 0.38308337264150943 0.5917712500000001 0.10295931603773585 0.192290625 0.38281219324243576 0.5928862317735941 2 0.34306945754716983 0.6622439583333333 2
1 0.35631721698113206 0.3955170833333333 0.09423820754716981 0.25686770833333333 0.35606900767403976 0.3940276565190175 2 0.3336370283018868 0.29235208333333335 2
1 0.3347474056603773 0.22578416666666667 0.10220330188679246 0.203431875 0.3374100235849056 0.25569625 2 0.29307806603773584 0.14073 2
1 0.3538496462264151 0.15850145833333332 0.10645153301886792 0.19216375000000002 0.3541300236013381 0.15961570443241116 2 0.31005625000000003 0.077415 2
1 0.3731864386792453 0.08041666666666666 0.0772120283018868 0.16083333333333333 0.3733898035833837 0.0813492458563856 2 0.35721792452830187 0 2
1 0.46291238207547164 0.07833333333333334 0.08101344339622642 0.15666666666666668 0.46269900481401993 0.07924175244041706 2 0.49021379716981134 0 2
1 0.6761099056603773 0.22682333333333335 0.11523290094339622 0.17218666666666668 0.6769739386792453 0.22403875 2 0.7024411556603775 0.272358125 2
1 0.2761431603773585 0.07312500000000001 0.08497771226415093 0.14625000000000002 0.27636697892854234 0.07397301890049572 2 0.26006497641509435 0 2
1 0.20598502358490564 0.11166666666666666 0.10501096698113208 0.22333333333333333 0.2062616067249068 0.11296164709591368 2 0.1600821933962264 0 2
1 0.06851415094339623 0.33493104166666665 0.13702830188679246 0.15180479166666666 0.06887506294234662 0.3358112695813275 2 0 0.2856875 2
1 0.14808891509433963 0.27494125 0.10052028301886794 0.17178416666666668 0.14835367044618927 0.27593732671890076 2 0.11009080188679245 0.20737708333333332 2
0 0.7372267688679246 0.708120625 0.016863915094339623 0.025880833333333336 0.7372267132481519 0.7080113377171736 2 0 0 0
0 0.6462239386792452 0.7023835416666666 0.017520283018867926 0.025488541666666666 0.6462238808946706 0.702275910918225 2 0 0 0