1 0.4658669811320755 0.6865520833333334 0.0758132075471698 0.2318960416666667 0.4660666617521075 0.6878967139403999 2 0.4524845518867925 0.7705454166666666 2
1 0.5577232311320754 0.65155125 0.09728938679245283 0.1518975 0.5579794767877571 0.6524320154764994 2 0.5939694575471698 0.6289202083333334 2
1 0.6366068396226414 0.7030064583333334 0.0739560141509434 0.21148708333333335 0.6368016286737651 0.7042327492316401 2 0.6430176886792452 0.7755439583333333 2
1 0.7212715801886792 0.6423885416666667 0.1263246462264151 0.18688958333333333 0.7216043003636978 0.6434722059331449 2 0.7656379716981132 0.7088968750000001 2
1 0.7166705188679244 0.7123754166666667 0.07562040094339621 0.180239375 0.7168696916642747 0.713420520233255 2 0.7307382075471699 0.7755439583333333 2
1 0.7356553066037735 0.4311716666666667 0.08340625 0.240983125 0.7411137971698114 0.43730979166666667 2 0.7373409198113207 0.5222847916666666 2
1 0.4110377358490566 0.2593175 0.09820742924528301 0.15719854166666666 0.411296399490893 0.26022900314163205 2 0.3940040094339623 0.2906860416666667 2
1 0.36870624999999996 0.09934229166666667 0.09088938679245284 0.17714875000000002 0.36099080188679245 0.0807475 2 0.39872016509433966 0.09074458333333334 2
1 0.643791391509434 0.12000000000000001 0.1172997641509434 0.24000000000000002 0.6434824415204667 0.12139162075978784 2 0.6288691037735848 0.18904916666666666 2
1 0.44251356132075476 0.1075 0.07087629716981132 0.215 0.44232688378233725 0.10874666026397661 2 0.4638033018867925 0.014100416666666667 2
1 0.280742570754717 0.25473854166666665 0.10172228773584904 0.208023125 0.28101049200674333 0.25594474708027476 2 0.28458903301886795 0.169055 2
1 0.14856132075471698 0.33742895833333336 0.11844327830188679 0.130141875 0.14887328258848098 0.3381835755623655 2 0.1742307783018868 0.300683125 2
1 0.25704209905660375 0.5199047916666667 0.10902889150943397 0.16519020833333334 0.25732926480730045 0.5208626338467931 2 0.26761073113207545 0.5106216666666666 2
1 0.2357005896226415 0.7215393750000001 0.13614492924528301 0.125255625 0.23605917495052123 0.7222656597001259 2 0.18837924528301886 0.7305572916666667 2
1 0.15503502358490565 0.6584283333333333 0.15157948113207548 0.19231020833333332 0.16951462264150943 0.6572452083333334 2 0.09877205188679246 0.7338895833333333 2