1 0.6251700471698113 0.6982164583333332 0.09447122641509434 0.22523375 0.6254188702136592 0.6995224581762702 2 0.6373581367924528 0.6589114583333333 2
1 0.5218766509433962 0.545326875 0.08407688679245283 0.28934625 0.5220980968553718 0.5470046260344448 2 0.5185108490566038 0.430645 2
1 0.46963337264150945 0.4324195833333333 0.0826630896226415 0.19016104166666667 0.4694156504592717 0.4335222168886926 2 0.4732356132075472 0.3656639583333333 2
1 0.3664583726415095 0.40825625 0.08150176886792453 0.1884875 0.36624370920399263 0.4093491796581688 2 0.3874014150943396 0.3473360416666667 2
1 0.3723522405660378 0.24575624999999998 0.12630813679245284 0.13651249999999998 0.3720195638743925 0.24496469321262276 2 0.41475518867924527 0.24903145833333334 2
1 0.6727984669811321 0.4147220833333333 0.11399316037735849 0.30472229166666664 0.6724982260906593 0.4164889911127227 2 0.6467905660377358 0.5089554166666667 2
1 0.5583123820754716 0.4126327083333334 0.08903549528301886 0.21723458333333331 0.5585468882186382 0.4138923256496272 2 0.5449213443396227 0.3223433333333333 2
1 0.6042984669811321 0.2884816666666667 0.07725200471698113 0.18220333333333333 0.6045019371771532 0.28953815808820504 2 0.5779344339622641 0.28235499999999997 2
1 0.6261149764150944 0.14537687500000002 0.1284307783018868 0.17257958333333334 0.6264532438261726 0.14637756387867587 2 0.570388679245283 0.07908125 2
1 0.2832186320754717 0.6009329166666666 0.09912865566037736 0.14063416666666667 0.283479722089542 0.6017483726077866 2 0.30722665094339624 0.6389175 2
1 0.23851969339622642 0.492406875 0.12043561320754717 0.136853125 0.23820248405108352 0.49320040687413264 2 0.2657242924528302 0.48063041666666667 2
1 0.2655316037735849 0.08041666666666666 0.10148384433962264 0.16083333333333333 0.26006497641509435 0.06402479166666666 2 0.25440554245283015 0.11567625 2
1 0.2553916273584906 0.232831875 0.11704681603773585 0.14766979166666666 0.25569991112005874 0.23368812644865364 2 0.2044141509433962 0.20065145833333334 2
1 0.2471369103773585 0.35822937499999996 0.1005373820754717 0.13854124999999998 0.24740171076555914 0.35903269533161236 2 0.23837051886792454 0.30728666666666665 2
1 0.1615314858490566 0.3669810416666667 0.10665400943396226 0.17937104166666668 0.1618123965164944 0.36802111027203377 2 0.17800365566037737 0.37726624999999997 2
1 0.07474658018867925 0.3536516666666667 0.1104123820754717 0.20603000000000002 0.07503738984606415 0.3548463151047462 2 0.035575471698113204 0.2706308333333334 2
1 0.15162629716981132 0.06166666666666667 0.09816261792452831 0.12333333333333334 0.14216084905660378 0.040698125 2 0.14121757075471697 0 2
0 0.7363533018867925 0.7093589583333333 0.018337735849056604 0.025329583333333336 0.7363532414061333 0.7092519988200142 2 0 0 0