1 0.46280165094339626 0.08666666666666667 0.08666073113207547 0.17333333333333334 0.4524845518867925 0.062419583333333334 2 0.4373926886792453 0 2
1 0.6548761792452831 0.08354166666666667 0.09701662735849056 0.16708333333333333 0.649620283018868 0.045757708333333334 2 0.6581093160377358 0 2
1 0.4435825471698113 0.252031875 0.10858950471698113 0.22593625 0.4373926886792453 0.2573622916666667 2 0.4072093160377358 0.150726875 2
1 0.36870624999999996 0.139131875 0.09088938679245284 0.22673645833333333 0.3689456390154001 0.1404465881767393 2 0.32892087264150943 0.047423958333333335 2
1 0.4528985849056604 0.45053895833333335 0.12533490566037736 0.149755625 0.4532286982524456 0.4514073043193542 2 0.4072093160377358 0.445640625 2
1 0.6015867924528302 0.685296875 0.08503396226415094 0.15940604166666666 0.601810759158079 0.6862211781534122 2 0.578877712264151 0.648914375 2
1 0.6139688679245282 0.52907 0.10979811320754718 0.16352645833333332 0.6142580596898283 0.5300181950591302 2 0.6345284198113208 0.4656347916666667 2
1 0.7237457547169811 0.7067535416666666 0.07656509433962264 0.17899291666666667 0.7239474156940745 0.7077914177445346 2 0.7231924528301887 0.7722116666666667 2
1 0.9150056603773585 0.6775916666666667 0.12895330188679247 0.16399 0.9153453040372037 0.67854254953499 2 0.8882582547169812 0.6872364583333332 2
1 0.8295066037735849 0.6400941666666667 0.1137301886792453 0.145645 0.8292070555111307 0.6409386775231637 2 0.7911051886792453 0.6822379166666667 2
1 0.8475582547169812 0.7813266666666667 0.13554375000000002 0.18818020833333332 0.8479152566288792 0.7824178145187412 2 0.8278912735849057 0.823863125 2
1 0.29866521226415094 0.6763389583333334 0.09417889150943395 0.14815520833333334 0.2989132653416946 0.677198024431614 2 0.2619514150943396 0.7288910416666667 2
1 0.16766320754716982 0.6707147916666667 0.11325837264150942 0.14690375 0.16796151311693222 0.6715666012841279 2 0.1864926886792453 0.7038983333333333 2
1 0.27508242924528303 0.43991729166666665 0.0941747641509434 0.17516541666666668 0.27533047145198336 0.44093297429262596 2 0.2647811320754717 0.37232875000000004 2
1 0.18417063679245285 0.4565852083333333 0.09911143867924528 0.22516291666666666 0.1844316814595766 0.4578907974548655 2 0.14499044811320755 0.35066854166666667 2
1 0.2794454009433962 0.19912520833333333 0.09724127358490565 0.25674958333333336 0.2779864386792453 0.21237562499999998 2 0.23837051886792454 0.08407979166666667 2
1 0.0714622641509434 0.42741979166666666 0.1429245283018868 0.18349395833333335 0.09028301886792453 0.43897583333333334 2 0.009164858490566037 0.3540008333333333 2