1 0.4199992924528302 0.66405 0.09915224056603775 0.160233125 0.41664162735849053 0.6605777083333333 2 0.4430521226415094 0.7172277083333333 2
1 0.6797645047169811 0.7057154166666667 0.09613136792452831 0.22690229166666667 0.6816900943396227 0.7155614583333333 2 0.6439607311320755 0.7272247916666666 2
1 0.7187946933962265 0.756118125 0.11005200471698114 0.13443041666666666 0.7241356132075472 0.7472189583333333 2 0.68640625 0.7288910416666667 2
1 0.6908501179245283 0.47678666666666664 0.1352808962264151 0.17226 0.6732010613207547 0.4772979166666667 2 0.7373409198113207 0.505623125 2
1 0.6024120283018868 0.6055214583333334 0.081025 0.22312354166666667 0.6062314858490566 0.6055939583333333 2 0.6298122641509434 0.5106216666666666 2
1 0.5149195754716981 0.6667604166666667 0.08148148584905661 0.19231270833333333 0.5147378537735849 0.648914375 2 0.5071919811320754 0.7438866666666667 2
1 0.5221028301886792 0.5723747916666666 0.1380737028301887 0.13974979166666665 0.5119081367924528 0.5572745833333334 2 0.5760479952830189 0.6155908333333334 2
1 0.47092818396226416 0.4024002083333333 0.1347810141509434 0.13313375 0.46286002358490563 0.4089847916666667 2 0.5222837264150944 0.443974375 2
1 0.4157458726415094 0.19370708333333334 0.09234198113207547 0.22591916666666664 0.41664162735849053 0.20571083333333334 2 0.392117570754717 0.27569041666666666 2
1 0.37294339622641504 0.09452458333333333 0.08362346698113207 0.18904916666666666 0.36193408018867923 0.10074166666666667 2 0.39966344339622645 0.08741229166666667 2
1 0.3027917452830189 0.3205610416666667 0.08356733490566037 0.19304458333333332 0.3062833726415094 0.31901104166666666 2 0.2742134433962264 0.27569041666666666 2
1 0.23911945754716982 0.051250000000000004 0.11657228773584906 0.10250000000000001 0.2421435141509434 0.03909291666666667 2 0.19969799528301885 0.027429791666666665 2
1 0.17002169811320755 0.4807533333333333 0.1179753537735849 0.29349333333333333 0.16857122641509434 0.473965625 2 0.12046639150943397 0.34567000000000003 2
1 0.28227464622641507 0.6857177083333333 0.08214870283018867 0.21689791666666666 0.28175919811320754 0.6672425000000001 2 0.2591216981132075 0.7705454166666666 2
1 0.12708915094339623 0.408233125 0.15465 0.12813270833333334 0.13272841981132077 0.41065083333333335 2 0.17611721698113206 0.447306875 2
0 0.32475813679245286 0.5950377083333334 0.015461556603773585 0.026914375 0.324758085797873 0.5949240567026136 2 0 0 0