1 0.7157281839622641 0.7361249999999999 0.0926002358490566 0.191083125 0.7194194575471697 0.7338895833333333 2 0.6967819575471698 0.6722410416666666 2
1 0.6829494103773586 0.3559691666666666 0.12513891509433964 0.14722833333333335 0.6732010613207547 0.35233458333333334 2 0.7307382075471699 0.3656639583333333 2
1 0.5920364386792453 0.39971666666666666 0.10177617924528302 0.20139979166666666 0.5920830188679246 0.40398625 2 0.5524672169811321 0.31567875 2
1 0.505842570754717 0.54489875 0.13501297169811322 0.13186916666666665 0.5100216981132075 0.54894375 2 0.446825 0.5306158333333334 2
1 0.4266028301886793 0.6823804166666666 0.10481332547169811 0.156905625 0.4268788927705821 0.6832902213544896 2 0.41381191037735854 0.6789056250000001 2
1 0.40065200471698115 0.5492533333333333 0.11687016509433963 0.13933979166666666 0.4072093160377358 0.5672716666666666 2 0.35344504716981134 0.5139539583333333 2
1 0.4319081367924528 0.31931333333333334 0.08712700471698114 0.22054 0.4345630896226415 0.34567000000000003 2 0.4204146226415094 0.23736833333333335 2
1 0.3797817216981132 0.12913354166666666 0.10578974056603774 0.23006625 0.38645813679245283 0.13573145833333333 2 0.34306945754716983 0.1590579166666667 2
1 0.7130160377358491 0.22807833333333333 0.09094893867924529 0.24467645833333332 0.7081007075471698 0.20404479166666667 2 0.7382840801886792 0.31567875 2
1 0.6370707547169812 0.200371875 0.10621709905660379 0.21258979166666667 0.6392445754716981 0.214041875 2 0.6467905660377358 0.17072125000000002 2
1 0.19018443396226414 0.616144375 0.10359327830188679 0.21437791666666667 0.18743596698113207 0.6105922916666666 2 0.16951462264150943 0.6872364583333332 2
1 0.24442606132075473 0.39637958333333334 0.12718549528301887 0.14140750000000002 0.24591639150943398 0.3939889583333333 2 0.28458903301886795 0.37899354166666666 2
1 0.2879356132075472 0.22057458333333332 0.1085626179245283 0.17635104166666665 0.28741875 0.21904020833333335 2 0.32514799528301885 0.16072395833333333 2
1 0.29052889150943395 0.06166541666666667 0.08733856132075472 0.12333083333333333 0.2907589281830094 0.062380540616619164 2 0.3213751179245283 0.0807475 2
1 0.22472441037735852 0.08354166666666667 0.10463750000000001 0.16708333333333333 0.22516521226415095 0.08574604166666666 2 0.24874610849056605 0.005769374999999999 2
1 0.13629681603773586 0.085625 0.08636851415094339 0.17125 0.13367169811320756 0.08407979166666667 2 0.1251825471698113 0 2
0 0.3240482311320754 0.5954937499999999 0.015952240566037737 0.027128125 0.32404817851914486 0.5953791957647774 2 0 0 0