1 0.7049974056603774 0.5763597916666666 0.07868443396226416 0.23144708333333333 0.705204648660229 0.5777018190248292 2 0.7297950471698114 0.6655762500000001 2
1 0.7322384433962265 0.418460625 0.14448537735849057 0.15557875000000002 0.7109304245283019 0.41731562499999997 2 0.7920483490566038 0.4506391666666667 2
1 0.7127698113207548 0.29222750000000003 0.1491246462264151 0.133045 0.7123770393647334 0.29299895076660826 2 0.6609390330188679 0.31567875 2
1 0.6598287735849057 0.12933958333333334 0.09277087264150945 0.20048749999999999 0.6595844290179192 0.1305020940294915 2 0.6449041273584906 0.19071520833333333 2
1 0.6059517688679245 0.08869291666666666 0.12017441037735849 0.17738583333333333 0.6062682902439817 0.08766435913267112 2 0.6505634433962265 0.014100416666666667 2
1 0.3902768867924528 0.11413291666666667 0.08668584905660379 0.19340062500000002 0.390048569265103 0.11525433468627476 2 0.36287735849056607 0.125734375 2
1 0.39217228773584906 0.23369416666666665 0.11707040094339623 0.12927833333333333 0.39248063361652197 0.23444377671857267 2 0.35061533018867924 0.24403291666666668 2
1 0.4728248820754717 0.26057020833333333 0.0972747641509434 0.19635979166666667 0.4730810892173083 0.26170878484362897 2 0.5043623820754717 0.18571666666666667 2
1 0.8591142688679245 0.6557166666666667 0.1454505896226415 0.14356645833333334 0.8543017688679245 0.6455820833333333 2 0.7995942216981131 0.6739070833333333 2
1 0.896728891509434 0.39992041666666667 0.14333466981132076 0.13849229166666666 0.8971064135358197 0.40072345311730806 2 0.8533584905660377 0.42231416666666666 2
1 0.8818715801886792 0.3074341666666667 0.1400304245283019 0.14013166666666665 0.882240399328481 0.3082467089018209 2 0.8278912735849057 0.28735375 2
1 0.8506227594339622 0.17079041666666667 0.10582995283018867 0.18008583333333333 0.8509014996598779 0.1718346299342098 2 0.8043103773584905 0.10074166666666667 2
1 0.27755966981132074 0.47532541666666667 0.12931285377358492 0.13268145833333334 0.2779002604769189 0.476094759466065 2 0.2223356132075472 0.47063333333333335 2
1 0.2881708726415094 0.311605625 0.09394115566037735 0.215121875 0.2884182995584766 0.31285299194639365 2 0.2610081367924528 0.23236979166666666 2
1 0.2912362028301887 0.14662708333333332 0.08309363207547169 0.17841229166666667 0.2914550589966847 0.14766159270368606 2 0.25629198113207546 0.11906958333333333 2
1 0.051415094339622644 0.3232714583333333 0.10283018867924529 0.22512395833333335 0.045950943396226414 0.329008125 2 0 0.23070354166666668 2
1 0.22084198113207548 0.2728604166666667 0.09888195754716982 0.20094604166666666 0.22110242138030947 0.2740255861799189 2 0.18177653301886793 0.19571395833333333 2
0 0.6508047169811321 0.39352479166666665 0.01799492924528302 0.019526458333333333 0.6508046576311015 0.39344233707384163 2 0 0 0
0 0.3364350235849057 0.70892375 0.013806014150943395 0.02692854166666667 0.33643497805055816 0.7088100385475393 2 0 0 0
0 0.007655778301886792 0.670509375 0.015311438679245283 0.024466666666666668 0.00765572780241885 0.6704060593344887 2 0 0 0
0 0.0051933962264150944 0.5904420833333333 0.010386674528301887 0.026412500000000002 0.005193361969572981 0.5903305509757591 2 0 0 0