1 0.5357911556603774 0.7098735416666667 0.0987005896226415 0.11858604166666667 0.5360511182126954 0.7105611533225183 2 0.5128514150943396 0.7122291666666667 2
1 0.39488396226415096 0.7194560416666668 0.1092885613207547 0.12442145833333333 0.3951718119461916 0.720177489518249 2 0.35344504716981134 0.6855704166666666 2
1 0.4778950471698113 0.5732310416666666 0.09420990566037736 0.175204375 0.4781431819339778 0.5742469501893985 2 0.44399540094339623 0.6105922916666666 2
1 0.6053609669811321 0.4707439583333333 0.1057875 0.1468452083333333 0.6056395953926591 0.47159542850163344 2 0.6458471698113207 0.5189524999999999 2
1 0.7275100235849057 0.167251875 0.1290766509433962 0.21632958333333333 0.7203627358490566 0.13406520833333332 2 0.7788431603773585 0.10074166666666667 2
1 0.3814321933962264 0.5846870833333334 0.11380778301886793 0.16479270833333332 0.38113244076191743 0.5856426206415765 2 0.33552358490566037 0.6355850000000001 2
1 0.3888693396226415 0.4059666666666667 0.08594044811320754 0.21389979166666664 0.3890956938756837 0.4072069474608234 2 0.3657070754716981 0.31401249999999997 2
1 0.3928794811320755 0.26681645833333334 0.11093903301886793 0.15886708333333335 0.3931716779090708 0.2677376363800567 2 0.3458991745283019 0.20071229166666665 2
1 0.40915294811320757 0.12267125 0.13971285377358492 0.16382416666666666 0.409520930819263 0.12362117129703448 2 0.3515584905660377 0.07075041666666666 2
1 0.2928862028301887 0.11517708333333333 0.06564257075471698 0.2288125 0.29024834905660374 0.08741229166666667 2 0.2657242924528302 0.010767916666666665 2
1 0.28251061320754717 0.30931375 0.08828018867924528 0.20720583333333334 0.28175919811320754 0.3173447916666667 2 0.255348820754717 0.23070354166666668 2
1 0.2638804245283019 0.5171983333333333 0.09063537735849057 0.18310354166666667 0.26411914452094326 0.518260044540725 2 0.2619514150943396 0.443974375 2
1 0.1587009433962264 0.6173910416666666 0.09344716981132076 0.170218125 0.15894706922854332 0.618378037818509 2 0.15630931603773585 0.5522760416666667 2
1 0.10835306603773584 0.7388291666666666 0.13612299528301885 0.17982979166666666 0.10871159359484807 0.7398718952971318 2 0.05255365566037736 0.8005366666666667 2
1 0.0402122641509434 0.7207125 0.0804245283018868 0.21357520833333332 0.011994575471698113 0.7438866666666667 2 0.06481568396226416 0.6905689583333333 2
0 0.7364627358490566 0.7389716666666666 0.015056603773584906 0.022724166666666667 0.7364626861900732 0.7388757090752897 2 0 0 0
0 0.6617110849056603 0.76133 0.015688207547169812 0.023201041666666665 0.6617110331635511 0.7612320287032557 2 0 0 0
0 0.560048820754717 0.6286479166666666 0.015487146226415095 0.027178958333333333 0.5600487696757387 0.6285331477769618 2 0 0 0
0 0.044659433962264156 0.542246875 0.018230306603773585 0.027689791666666668 0.044659373835923104 0.5421299490086959 2 0 0 0