1 0.7001645047169811 0.7127925 0.1142936320754717 0.15441500000000002 0.7004655370048493 0.7136878629984277 2 0.7345112028301887 0.7638808333333333 2
1 0.7125371462264151 0.5509183333333334 0.07790459905660378 0.179330625 0.7123319571947639 0.5498784990807678 2 0.700554716981132 0.6139247916666667 2
1 0.6200998820754717 0.11350604166666667 0.09753608490566038 0.16548791666666668 0.6203567774969896 0.1144656100846974 2 0.6543364386792453 0.15239312500000002 2
1 0.7250432783018868 0.25827937500000003 0.09047936320754717 0.20510791666666667 0.7252815873766498 0.25946867681179236 2 0.7250788915094339 0.17738583333333333 2
1 0.7171340801886792 0.08578 0.11775872641509433 0.13322645833333333 0.7168239213619324 0.08500749706179302 2 0.7646946933962264 0.125734375 2
1 0.4011333726415094 0.236403125 0.1085821933962264 0.14469354166666668 0.401419361856361 0.23724211890162733 2 0.36287735849056607 0.240700625 2
1 0.374132429245283 0.40346270833333336 0.14135766509433964 0.15224145833333333 0.374504744137708 0.4043454682246544 2 0.32514799528301885 0.4506391666666667 2
1 0.8647741745283019 0.6459270833333334 0.14356497641509433 0.15064604166666667 0.865152303147746 0.6468005923290133 2 0.821288679245283 0.6255879166666667 2
1 0.8534533018867924 0.421583125 0.11903679245283019 0.12850020833333334 0.853766826947829 0.4223282231564739 2 0.8373235849056604 0.43231125 2
1 0.8732623820754718 0.27785270833333336 0.10772040094339623 0.13761895833333335 0.8735461014582336 0.2786506808306544 2 0.8571314858490565 0.2890197916666667 2
1 0.8523908018867925 0.1499595833333333 0.09050129716981131 0.17174770833333333 0.852629168732323 0.15095544865151106 2 0.8278912735849057 0.08574604166666666 2
1 0.2500854952830189 0.44074916666666664 0.11586674528301887 0.156835 0.2503906709151778 0.4416585618410888 2 0.27327016509433966 0.46730104166666664 2
1 0.27838455188679245 0.11996583333333333 0.09511957547169811 0.19506937500000002 0.2786350825848315 0.12109692746603681 2 0.23837051886792454 0.02909583333333333 2
1 0.18051533018867924 0.06895833333333333 0.09934669811320754 0.13791666666666666 0.16951462264150943 0.03909291666666667 2 0.1393310141509434 0 2
1 0.08148584905660376 0.25661083333333334 0.16297169811320752 0.17511166666666667 0.08745330188679244 0.2623610416666667 2 0.011994575471698113 0.19404770833333332 2
1 0.034316037735849056 0.3901320833333333 0.06863207547169811 0.15890374999999998 0.012937853773584905 0.388990625 2 0 0.38232583333333336 2
0 0.6511435141509434 0.394808125 0.01747181603773585 0.022174583333333334 0.6511434565262204 0.3947144881402786 2 0 0 0
0 0.33742724056603773 0.7113022916666666 0.014320754716981132 0.026189166666666666 0.3374271933339972 0.7111917023812436 2 0 0 0
0 0.007858372641509435 0.6694422916666666 0.01571674528301887 0.022744166666666666 0.007858320805278287 0.6693462496210673 2 0 0 0
0 0.005378773584905661 0.5900289583333334 0.010757547169811322 0.02252125 0.0053787381048688195 0.5899338576004222 2 0 0 0