1 0.5221130896226415 0.7700816666666667 0.09775495283018867 0.23567 0.5222837264150944 0.7472189583333333 2 0.48738408018867924 0.825529375 2
1 0.5614972877358491 0.5717710416666667 0.11804304245283019 0.14895791666666666 0.5609563679245283 0.590598125 2 0.5986856132075472 0.5306158333333334 2
1 0.4568985849056604 0.69571125 0.08549528301886793 0.1469110416666667 0.45667340315072147 0.6965631018976057 2 0.4383359669811321 0.6605777083333333 2
1 0.37471025943396225 0.6815485416666667 0.13102441037735849 0.17523625 0.37436516078492804 0.6825646350140308 2 0.3232615566037736 0.740554375 2
1 0.3853239386792453 0.5811460416666667 0.10036474056603774 0.16770791666666665 0.38505959300289183 0.5821184825767254 2 0.34778561320754714 0.6355850000000001 2
1 0.472 0.53552875 0.11071686320754717 0.17977604166666666 0.47889504716981135 0.5422789583333334 2 0.4251307783018868 0.5939304166666666 2
1 0.3909918632075472 0.398675 0.0864125 0.1993164583333333 0.3912194607744722 0.39983072050493357 2 0.36004764150943397 0.31901104166666666 2
1 0.4301389150943396 0.09916666666666667 0.0741561320754717 0.19833333333333333 0.4303342312260676 0.10031668660010246 2 0.4317333726415094 0 2
1 0.5789483490566038 0.13454312499999999 0.11144280660377359 0.14424708333333333 0.5751048349056603 0.11407104166666666 2 0.5345457547169812 0.08574604166666666 2
1 0.7374160377358491 0.11951729166666666 0.10171886792452829 0.23903437500000002 0.7371481254910929 0.11813127000602953 2 0.7722405660377358 0.210709375 2
1 0.30797877358490566 0.204955625 0.054325471698113206 0.22842208333333333 0.30816981132075466 0.17405354166666667 2 0.3204318396226415 0.10740625 2
1 0.18134139150943396 0.7059191666666667 0.11420400943396226 0.163995 0.18164218774470375 0.7068700785270892 2 0.18083337264150942 0.7605483333333333 2
1 0.13618089622641508 0.537815625 0.13141167452830188 0.12103541666666667 0.1393310141509434 0.5239510416666666 2 0.13367169811320756 0.5389466666666666 2
1 0.14726450471698113 0.3728433333333333 0.12339540094339624 0.167646875 0.14758950969918225 0.3738154202981815 2 0.14216084905660378 0.31567875 2
0 0.7364281839622641 0.738789375 0.013845636792452829 0.021271875 0.7364281382972351 0.7386995500167999 2 0 0 0
0 0.661356603773585 0.7617104166666666 0.01437122641509434 0.022970416666666667 0.661356556375081 0.7616134192326753 2 0 0 0