1 0.7269207547169811 0.3074366666666667 0.1170498820754717 0.17346020833333334 0.7266124628799294 0.30844246177880746 2 0.7646946933962264 0.330674375 2
1 0.7011068396226415 0.7248779166666667 0.09354091981132075 0.205244375 0.7013532123784001 0.7260680097211654 2 0.6939521226415094 0.8005366666666667 2
1 0.47848549528301887 0.6911310416666667 0.11425542452830188 0.18107145833333332 0.47878642693793716 0.6921809700017573 2 0.4487115566037736 0.710563125 2
1 0.5398009433962264 0.4063791666666667 0.11426603773584905 0.154741875 0.5401019030047418 0.4072764250235771 2 0.5496375 0.41231708333333333 2
1 0.4014862028301887 0.5919787500000001 0.0866501179245283 0.17937604166666665 0.4017144262470947 0.5930188475974664 2 0.3760825471698113 0.5289495833333333 2
1 0.4199992924528302 0.42783208333333334 0.09915224056603775 0.17098895833333336 0.4202604445860053 0.42882354910046316 2 0.41758478773584906 0.49229354166666667 2
1 0.4638637971698113 0.339930625 0.1057629716981132 0.158471875 0.46414236097746936 0.34084951146288545 2 0.4213577830188679 0.28068895833333335 2
1 0.3800262971698113 0.21245333333333333 0.09655117924528302 0.21342645833333332 0.3802805984975124 0.21369086954210276 2 0.34306945754716983 0.125734375 2
1 0.6001715801886792 0.110625 0.07843042452830189 0.22125 0.599628891509434 0.10407395833333334 2 0.6128340801886792 0.14906083333333334 2
1 0.4350825471698113 0.11556625000000001 0.12912735849056603 0.14696583333333332 0.43474244507097254 0.11471408039730756 2 0.4845543632075472 0.06075333333333333 2
1 0.2948829009433962 0.20224416666666667 0.11523761792452832 0.17967833333333333 0.2945793823383581 0.20328601707812813 2 0.3440127358490566 0.1590579166666667 2
1 0.2649428066037736 0.4747045833333334 0.11917087264150943 0.1847575 0.265256684811921 0.47577588488552713 2 0.21290330188679246 0.3989875 2
1 0.26152275943396225 0.6096820833333333 0.10478478773584905 0.14813583333333333 0.2617987468517483 0.6105410370872298 2 0.28175919811320754 0.6422497916666666 2
1 0.31470141509433963 0.7159162499999999 0.09040837264150944 0.14400083333333333 0.3149395371905972 0.7167512272878892 2 0.33269386792452826 0.6755733333333332 2
1 0.09644304245283018 0.636554375 0.11418938679245283 0.165224375 0.09674380017425499 0.6375124152928041 2 0.11103408018867923 0.6422497916666666 2
1 0.06379716981132076 0.4574183333333333 0.12759433962264152 0.22349666666666668 0.03368903301886793 0.4423083333333333 2 0.011994575471698113 0.43231125 2
0 0.5616071933962264 0.629948125 0.015130542452830189 0.029455000000000002 0.5616071434933819 0.6298237450438297 2 0 0 0