1 0.4616232311320755 0.7144612499999999 0.1031685141509434 0.1844110416666667 0.4694626179245283 0.7088968750000001 2 0.42324422169811315 0.69390125 2
1 0.5446338443396226 0.6405162499999999 0.07865672169811322 0.21980083333333333 0.5448410143495261 0.6417907475111889 2 0.5326593160377359 0.590598125 2
1 0.6466304245283018 0.667804375 0.09400318396226415 0.227724375 0.6468780148185146 0.6691248165323321 2 0.649620283018868 0.5739362499999999 2
1 0.7387229952830189 0.5790614583333333 0.12915766509433962 0.146876875 0.7297950471698114 0.5822672916666666 2 0.7845025943396227 0.5889320833333334 2
1 0.6324816037735849 0.4769939583333333 0.11286709905660376 0.15934520833333332 0.6327788787873985 0.4779179087495391 2 0.6750875 0.49062750000000005 2
1 0.6581864386792453 0.15809041666666665 0.10391002358490567 0.2679858333333333 0.6628254716981132 0.19404770833333332 2 0.6901792452830189 0.062419583333333334 2
1 0.7281004716981132 0.35493250000000004 0.1090311320754717 0.211801875 0.7278133000461016 0.35616061619255 2 0.7637514150943396 0.26069479166666665 2
1 0.5400357311320755 0.39888250000000003 0.09021143867924529 0.1864016666666667 0.5402733345338079 0.3999633351208016 2 0.5675589622641509 0.45730375 2
1 0.48261202830188676 0.43991604166666665 0.1036438679245283 0.15850125 0.4828850107079776 0.4408350984581347 2 0.520397287735849 0.48729520833333334 2
1 0.38296580188679247 0.398050625 0.09564858490566037 0.20473208333333334 0.3826852594339623 0.40731854166666664 2 0.3458991745283019 0.47563187500000004 2
1 0.27331438679245285 0.48407958333333334 0.10950330188679246 0.2035075 0.2736028020689428 0.48525960525738554 2 0.31099952830188676 0.560606875 2
1 0.16306509433962266 0.5719795833333333 0.1248132075471698 0.15270729166666666 0.16339383361180945 0.5728650443218929 2 0.15630931603773585 0.562273125 2
1 0.05377358490566038 0.7692425 0.10754716981132076 0.15401499999999999 0.03463219339622641 0.7755439583333333 2 0.07707771226415094 0.7488852083333334 2
1 0.24536768867924527 0.21369999999999997 0.08756650943396227 0.16926666666666668 0.2455983257339687 0.21468147919697256 2 0.2525189858490566 0.14906083333333334 2
1 0.18770801886792454 0.314730625 0.09675377358490567 0.221371875 0.1864926886792453 0.3223433333333333 2 0.1629119103773585 0.22403875 2
1 0.04610849056603774 0.3607664583333333 0.09221698113207548 0.23346708333333333 0.03180247641509434 0.39065666666666665 2 0 0.27735645833333333 2
0 0.3336070754716981 0.7278877083333334 0.013559198113207547 0.026980416666666666 0.33360703075138776 0.7277737778277331 2 0 0 0
0 0.04504941037735849 0.5914672916666667 0.016157900943396225 0.022591666666666666 0.045049357086128464 0.5913718935845137 2 0 0 0