1 0.7229205188679245 0.7165433333333334 0.08057417452830189 0.17191333333333333 0.7231327391610493 0.7175401590147958 2 0.7335679245283019 0.78220875 2
1 0.5306034198113208 0.5474004166666667 0.10907617924528303 0.16019895833333334 0.5308907101108227 0.5483293174838043 2 0.4883273584905661 0.48896125 2
1 0.692253537735849 0.36222770833333334 0.13167700471698113 0.2763779166666666 0.6845198113207547 0.38232583333333336 2 0.7486596698113207 0.25902854166666667 2
1 0.6742116745283019 0.211204375 0.16021485849056605 0.217593125 0.6590525943396227 0.20904333333333333 2 0.7335679245283019 0.12906666666666666 2
1 0.6086541273584906 0.15391875 0.08947806603773584 0.192995625 0.6084184555503221 0.15503781965957594 2 0.6439607311320755 0.08574604166666666 2
1 0.56975 0.36409895833333333 0.08738667452830189 0.22680229166666666 0.5699801633965492 0.36541405323937837 2 0.5458645047169811 0.28068895833333335 2
1 0.4803629716981132 0.3865970833333333 0.09704681603773585 0.24847229166666668 0.4704058962264151 0.3656639583333333 2 0.5109649764150943 0.28235499999999997 2
1 0.39074728773584905 0.3893025 0.11592853773584906 0.213895 0.3789122641509434 0.3923229166666667 2 0.42324422169811315 0.35066854166666667 2
1 0.4421571933962264 0.15850020833333334 0.1338426886792453 0.17549958333333335 0.4487115566037736 0.154059375 2 0.49964610849056607 0.095743125 2
1 0.25256403301886793 0.20849291666666667 0.16987193396226416 0.17551416666666667 0.2525189858490566 0.19738 2 0.17989009433962264 0.1590579166666667 2
1 0.10988679245283019 0.5669810416666666 0.14862264150943397 0.162704375 0.11027824220370552 0.5679244699414929 2 0.047837500000000005 0.5189524999999999 2
1 0.035495283018867924 0.7067547916666667 0.07099056603773585 0.19565729166666665 0.012937853773584905 0.6605777083333333 2 0.028972759433962263 0.7605483333333333 2
1 0.03903301886792453 0.362014375 0.07806603773584905 0.20597145833333333 0.023313443396226416 0.3540008333333333 2 0 0.34067125 2
0 0.20738313679245282 0.6029520833333333 0.014998349056603775 0.031259999999999996 0.20738308732560237 0.6028200813835835 2 0 0 0