1 0.753932783018868 0.7690352083333334 0.10109658018867924 0.16692958333333333 0.7541990562510437 0.7700031361399559 2 0.7128168632075472 0.710563125 2
1 0.6880106132075472 0.7419629166666667 0.08545518867924527 0.2627410416666667 0.6877855370550865 0.7434863995334651 2 0.6882926886792452 0.8388589583333333 2
1 0.5393280660377359 0.7073804166666666 0.08690978773584905 0.206905625 0.5395569733859857 0.708580142346112 2 0.5147378537735849 0.7755439583333333 2
1 0.6105385613207548 0.5246729166666666 0.14041674528301887 0.14851229166666666 0.6101687246700161 0.5238117800493042 2 0.6694280660377357 0.5139539583333333 2
1 0.6595919811320754 0.2974054166666667 0.11588207547169811 0.2731439583333334 0.6571661556603773 0.297350625 2 0.707157429245283 0.19238145833333334 2
1 0.4063212264150944 0.25056937500000004 0.09820660377358491 0.16636125 0.40657988788276206 0.25153400737135106 2 0.3685367924528302 0.18738291666666665 2
1 0.37600837264150944 0.5399039583333334 0.10767712264150943 0.19185895833333333 0.37572476724730497 0.5410164371223665 2 0.32892087264150943 0.6055939583333333 2
1 0.3696495283018868 0.6973820833333334 0.08900283018867924 0.210235625 0.3698839484100932 0.6986011177508208 2 0.3770258254716981 0.7705454166666666 2
1 0.3961804245283019 0.12621229166666667 0.09490318396226416 0.16090895833333332 0.3964303852835543 0.12714530936188542 2 0.41947134433962263 0.08574604166666666 2
1 0.28663879716981133 0.7234141666666667 0.11351474056603773 0.12900520833333334 0.286937777974243 0.724162193025156 2 0.24120023584905662 0.7288910416666667 2
1 0.2728431603773585 0.1857835416666667 0.11987971698113208 0.11676625 0.28270259433962264 0.1790520833333333 2 0.30816981132075466 0.20237854166666666 2
1 0.12002594339622641 0.10020833333333333 0.1141933962264151 0.20041666666666666 0.12046639150943397 0.13233791666666667 2 0.1289555424528302 0.024036458333333333 2
1 0.09832948113207547 0.354301875 0.11041639150943396 0.13389625 0.0986203013497082 0.3550782616714906 2 0.07613443396226414 0.3240095833333333 2
1 0.21388537735849056 0.49490729166666664 0.10571981132075473 0.14851875 0.21196002358490565 0.502290625 2 0.20535742924528302 0.4506391666666667 2
1 0.06733490566037736 0.5805227083333333 0.13466981132075473 0.18978770833333333 0.06768960574884668 0.5816231771452884 2 0.03085931603773585 0.5239510416666666 2